810 2
1 107
46
0.000000	0.500000	0.500000	0.000000
0.023280	0.476720	0.476720	0.023280
0.037460	0.462540	0.462540	0.037460
0.043111	0.456889	0.456889	0.043111
0.040458	0.459542	0.459542	0.040458
0.029396	0.470604	0.470604	0.029396
0.009480	0.490520	0.490520	0.009480
0.006587	0.493413	0.493413	0.006587
0.008903	0.491097	0.491097	0.008903
0.001543	0.498457	0.498457	0.001543
0.004422	0.495578	0.495578	0.004422
0.000186	0.499814	0.499814	0.000186
0.012380	0.487620	0.487620	0.012380
0.015574	0.484426	0.484426	0.015574
0.009360	0.490640	0.490640	0.009360
0.004993	0.495007	0.495007	0.004993
0.013173	0.486827	0.486827	0.013173
0.011848	0.488152	0.488152	0.011848
0.000964	0.499036	0.499036	0.000964
0.275745	0.360063	0.360063	0.004130
0.566266	0.215364	0.215364	0.003007
0.860996	0.069274	0.069274	0.000455
0.836186	0.005252	0.157953	0.000609
0.540360	0.009728	0.446721	0.003191
0.248097	0.011144	0.736801	0.003959
0.001903	0.011974	0.985726	0.000398
0.008061	0.004941	0.983518	0.003480
0.004444	0.000437	0.992024	0.003094
0.000056	0.000533	0.999355	0.000056
0.000487	0.000940	0.419596	0.578977
0.000000	0.000524	0.000524	0.998951
0.000000	0.000227	0.000227	0.999546
0.000011	0.003299	0.003299	0.993392
0.000002	0.001419	0.001419	0.997160
0.000000	0.000108	0.000108	0.999784
0.000021	0.006741	0.003157	0.990080
0.000016	0.009154	0.001721	0.989109
0.000010	0.006654	0.001459	0.991877
0.000000	0.000524	0.000524	0.998951
0.000019	0.004375	0.004375	0.991230
0.000011	0.003293	0.003293	0.993403
0.000000	0.000647	0.000647	0.998706
0.000003	0.001625	0.001625	0.996747
0.000018	0.004239	0.004239	0.991503
0.000004	0.001922	0.001922	0.996152
0.000003	0.000558	0.004693	0.994747
0.000024	0.003059	0.007678	0.989240
0.000021	0.003607	0.005759	0.990613
0.000000	0.000216	0.000216	0.999568
0.000094	0.001078	0.080086	0.918743
0.000790	0.001378	0.363496	0.634336
0.000640	0.000349	0.646393	0.352617
0.000736	0.000054	0.930517	0.068693
0.000156	0.000036	0.999653	0.000156
0.004520	0.000053	0.990907	0.004520
0.004668	0.000069	0.990595	0.004668
0.000063	0.000086	0.999787	0.000063
0.000624	0.000004	0.998748	0.000624
0.344795	0.000941	0.652483	0.001781
0.798072	0.001541	0.200001	0.000386
0.998937	0.000531	0.000531	0.000000
0.999538	0.000341	0.000121	0.000000
0.997821	0.001089	0.001089	0.000001
0.990296	0.002494	0.007192	0.000018
0.975383	0.004551	0.019973	0.000093
0.970115	0.001766	0.028068	0.000051
0.966558	0.001993	0.031384	0.000065
0.969170	0.000740	0.030067	0.000023
0.972278	0.003695	0.023937	0.000091
0.982965	0.003833	0.013150	0.000051
0.999301	0.000349	0.000349	0.000000
1.000000	0.000000	0.000000	0.000000
0.997507	0.001246	0.001246	0.000002
0.996862	0.001568	0.001568	0.000002
0.998057	0.000971	0.000971	0.000001
0.520245	0.201035	0.201035	0.077685
0.119906	0.226369	0.226369	0.427356
0.000000	0.000485	0.000485	0.999030
0.000015	0.003848	0.003848	0.992290
0.000005	0.002269	0.002269	0.995457
0.000002	0.001533	0.001533	0.996931
0.000000	0.000389	0.000389	0.999222
0.000026	0.005096	0.005096	0.989781
0.000037	0.006073	0.006073	0.987817
0.000005	0.002150	0.002150	0.995695
0.000001	0.000803	0.000803	0.998393
0.000571	0.003813	0.212497	0.783120
0.002290	0.006400	0.603601	0.387709
0.000094	0.008045	0.991768	0.000094
0.000440	0.005422	0.993698	0.000440
0.002520	0.000573	0.994388	0.002520
0.000168	0.000053	0.999611	0.000168
0.001126	0.000163	0.995973	0.002738
0.000539	0.000474	0.996513	0.002474
0.002500	0.000689	0.994311	0.002500
0.004383	0.000855	0.990379	0.004383
0.001029	0.001306	0.996636	0.001029
0.004052	0.001223	0.990674	0.004052
0.004052	0.001270	0.990627	0.004052
0.001337	0.001421	0.995905	0.001337
0.006637	0.000880	0.985846	0.006637
0.006790	0.000556	0.985863	0.006790
0.001803	0.000443	0.995951	0.001803
0.007039	0.000002	0.992709	0.000250
0.011080	0.000013	0.987739	0.001167
0.010237	0.000016	0.988184	0.001563
0.004503	0.000009	0.993503	0.001985
0.489568	0.001002	0.508389	0.001041

47
1.000000	0.000000	0.000000	0.000000
0.976364	0.012768	0.010728	0.000140
0.960154	0.020538	0.018904	0.000404
0.953436	0.023626	0.022383	0.000555
0.956043	0.022164	0.021299	0.000494
0.968041	0.016097	0.015602	0.000259
0.989726	0.005189	0.005058	0.000027
0.993278	0.003355	0.003355	0.000011
0.990909	0.004535	0.004535	0.000021
0.998427	0.000786	0.000786	0.000001
0.995534	0.002231	0.002231	0.000005
0.999812	0.000094	0.000094	0.000000
0.725076	0.136593	0.136593	0.001738
0.452586	0.271504	0.271504	0.004407
0.181475	0.407278	0.407278	0.003970
0.004993	0.495007	0.495007	0.004993
0.013173	0.486827	0.486827	0.013173
0.011848	0.488152	0.488152	0.011848
0.000964	0.499036	0.499036	0.000964
0.004130	0.360063	0.360063	0.275745
0.003007	0.215364	0.215364	0.566266
0.000455	0.069274	0.069274	0.860996
0.000014	0.003779	0.003779	0.992428
0.000049	0.006952	0.006952	0.986047
0.000028	0.005247	0.005247	0.989479
0.000000	0.000200	0.000200	0.999600
0.000003	0.001765	0.001765	0.996466
0.000002	0.001567	0.001567	0.996864
0.000000	0.000028	0.000028	0.999944
0.000001	0.001156	0.001156	0.997686
0.000000	0.000524	0.000524	0.998951
0.000448	0.378434	0.620670	0.000448
0.006510	0.371717	0.615262	0.006510
0.002801	0.373554	0.620845	0.002801
0.000216	0.375071	0.624498	0.000216
0.304781	0.220788	0.471431	0.003000
0.626896	0.058887	0.313137	0.001080
0.846611	0.001245	0.151920	0.000223
0.969914	0.028753	0.001318	0.000016
0.599990	0.384681	0.013583	0.001746
0.235101	0.740425	0.021950	0.002525
0.001290	0.971190	0.026230	0.001290
0.003196	0.971921	0.021687	0.003196
0.008337	0.970489	0.012836	0.008337
0.003780	0.983548	0.008892	0.003780
0.009304	0.987190	0.002400	0.001106
0.009054	0.730608	0.003187	0.257152
0.002738	0.344092	0.005157	0.648013
0.000000	0.000216	0.000216	0.999568
0.011477	0.131660	0.068703	0.788160
0.237820	0.415019	0.126466	0.220695
0.646393	0.352617	0.000640	0.000349
0.930517	0.068693	0.000736	0.000054
0.999696	0.000152	0.000152	0.000000
0.990989	0.004495	0.004495	0.000020
0.990694	0.004642	0.004642	0.000022
0.999876	0.000062	0.000062	0.000000
0.998778	0.000611	0.000611	0.000000
0.994562	0.002715	0.002715	0.000007
0.996150	0.001923	0.001923	0.000004
0.998937	0.000531	0.000531	0.000000
0.999538	0.000341	0.000121	0.000000
0.997821	0.001089	0.001089	0.000001
0.990288	0.002494	0.007200	0.000018
0.975356	0.004550	0.020000	0.000093
0.970068	0.001766	0.028114	0.000051
0.607708	0.360776	0.019776	0.011740
0.093055	0.876768	0.002895	0.027281
0.003706	0.972158	0.000125	0.024011
0.003845	0.982822	0.000141	0.013191
0.000366	0.999152	0.000116	0.000366
0.000000	0.999999	0.000000	0.000000
0.002477	0.992568	0.002477	0.002477
0.003111	0.987626	0.006152	0.003111
0.001928	0.985104	0.011041	0.001928
0.006908	0.971920	0.014263	0.006908
0.007779	0.964348	0.020094	0.007779
0.000955	0.968268	0.029822	0.000955
0.007576	0.952749	0.032098	0.007576
0.004468	0.951567	0.039497	0.004468
0.003046	0.949064	0.044845	0.003046
0.000773	0.948638	0.049817	0.000773
0.009942	0.928732	0.051384	0.009942
0.011848	0.919090	0.057215	0.011848
0.004195	0.923319	0.068291	0.004195
0.001601	0.923311	0.073487	0.001601
0.214223	0.724008	0.059682	0.002086
0.608542	0.358595	0.031403	0.001459
0.999906	0.000047	0.000047	0.000000
0.960758	0.000213	0.039021	0.000009
0.311452	0.000396	0.687279	0.000873
0.000169	0.000055	0.999608	0.000169
0.002731	0.000166	0.994373	0.002731
0.002466	0.000553	0.994515	0.002466
0.002506	0.000875	0.994112	0.002506
0.004395	0.001016	0.990195	0.004395
0.001031	0.001458	0.996479	0.001031
0.004063	0.001347	0.990528	0.004063
0.004063	0.001375	0.990500	0.004063
0.001341	0.001514	0.995805	0.001341
0.006655	0.000933	0.985757	0.006655
0.006809	0.000585	0.985797	0.006809
0.001808	0.000462	0.995923	0.001808
0.005339	0.001716	0.751375	0.241570
0.000013	0.011091	0.001167	0.987729
0.000016	0.010244	0.001563	0.988178
0.000009	0.004505	0.001985	0.993501
0.000001	0.000700	0.002042	0.997257

48
0.491205	0.209655	0.209655	0.089485
0.521262	0.200723	0.200723	0.077293
0.555518	0.189813	0.189813	0.064856
0.594646	0.176487	0.176487	0.052380
0.639437	0.160211	0.160211	0.040141
0.690830	0.140332	0.140332	0.028506
0.749940	0.116051	0.116051	0.017958
0.818088	0.086394	0.086394	0.009124
0.896851	0.050171	0.050171	0.002807
0.988107	0.005929	0.005929	0.000036
0.955992	0.021756	0.021756	0.000495
0.915750	0.041198	0.041198	0.001854
0.884956	0.055765	0.055765	0.003514
0.862864	0.066041	0.066041	0.005055
0.848944	0.072438	0.072438	0.006181
0.842862	0.075213	0.075213	0.006712
0.844475	0.074478	0.074478	0.006569
0.853821	0.070203	0.070203	0.005772
0.871122	0.062217	0.062217	0.004444
0.896792	0.050199	0.050199	0.002810
0.931450	0.033667	0.033667	0.001217
0.975940	0.011957	0.011957	0.000146
0.836186	0.005252	0.157953	0.000609
0.540360	0.009728	0.446721	0.003191
0.248097	0.011144	0.736801	0.003959
0.001903	0.011974	0.985726	0.000398
0.008061	0.004941	0.983518	0.003480
0.004444	0.000437	0.992024	0.003094
0.015174	0.000786	0.935556	0.048484
0.034492	0.005188	0.834759	0.125562
0.046532	0.012260	0.744934	0.196273
0.052663	0.020827	0.663938	0.262573
0.054035	0.029883	0.589867	0.326215
0.051642	0.038540	0.521001	0.388817
0.046367	0.045977	0.455745	0.451911
0.039028	0.051399	0.392573	0.517000
0.030422	0.053988	0.329985	0.585605
0.021366	0.052869	0.266450	0.659316
0.012743	0.047054	0.200357	0.739846
0.005550	0.035405	0.129963	0.829082
0.000951	0.016566	0.053328	0.929155
0.000035	0.005888	0.005888	0.988189
0.000362	0.018674	0.018674	0.962291
0.000747	0.026588	0.026588	0.946077
0.000955	0.029949	0.029949	0.939147
0.000887	0.028891	0.028891	0.941330
0.000573	0.023373	0.023373	0.952681
0.000178	0.013171	0.013171	0.973480
0.000007	0.002577	0.002577	0.994840
0.000456	0.020904	0.020904	0.957735
0.001249	0.034098	0.034098	0.930555
0.001997	0.042686	0.042686	0.912630
0.002447	0.047016	0.047016	0.903522
0.002473	0.047259	0.047259	0.903009
0.002070	0.043426	0.043426	0.911078
0.001348	0.035363	0.035363	0.927927
0.000542	0.022746	0.022746	0.953965
0.000026	0.005070	0.005070	0.989835
0.001324	0.060977	0.019928	0.917772
0.006324	0.134154	0.038693	0.820830
0.013813	0.201243	0.050416	0.734528
0.022678	0.264104	0.056400	0.656817
0.031973	0.324403	0.057743	0.585881
0.040860	0.383671	0.055387	0.520082
0.048572	0.443359	0.050165	0.457904
0.054366	0.504884	0.042846	0.397904
0.057482	0.569680	0.034172	0.338666
0.057108	0.639239	0.024903	0.278750
0.052331	0.715166	0.015853	0.216650
0.042095	0.799229	0.007939	0.150736
0.025153	0.893415	0.002230	0.079203
0.000000	0.999999	0.000000	0.000000
0.024404	0.891997	0.002226	0.081373
0.040613	0.796357	0.007911	0.155120
0.050142	0.710768	0.015755	0.223334
0.054260	0.633203	0.024668	0.287869
0.054040	0.561851	0.033703	0.350406
0.050420	0.495060	0.042012	0.412508
0.044244	0.431279	0.048799	0.475678
0.036309	0.369013	0.053271	0.541407
0.027405	0.306767	0.054604	0.611223
0.018362	0.243002	0.051894	0.686742
0.010090	0.176077	0.044111	0.769722
0.003632	0.104197	0.030053	0.862118
0.000217	0.025349	0.008284	0.966150
0.001072	0.008194	0.114648	0.876085
0.005097	0.013243	0.272810	0.708850
0.009893	0.012700	0.427978	0.549429
0.013179	0.008889	0.584033	0.393899
0.012696	0.004064	0.744831	0.238409
0.006089	0.000526	0.914330	0.079055
0.007423	0.001721	0.979313	0.011542
0.008445	0.014573	0.956457	0.020525
0.001778	0.035070	0.950894	0.012258
0.008263	0.048184	0.935289	0.008263
0.014489	0.059652	0.911370	0.014489
0.003401	0.084173	0.909026	0.003401
0.033600	0.088823	0.773265	0.104311
0.059490	0.098864	0.626570	0.215075
0.072217	0.118649	0.494902	0.314232
0.073592	0.146692	0.375257	0.404459
0.065009	0.181894	0.265058	0.488040
0.047511	0.223477	0.162072	0.566940
0.021849	0.270932	0.064344	0.642874
0.055635	0.256866	0.122397	0.565102
0.242171	0.088173	0.490916	0.178740
0.337710	0.008778	0.636954	0.016557
0.335638	0.025459	0.593856	0.045046

49
0.000000	0.000000	0.000000	1.000000
0.000140	0.010728	0.012768	0.976364
0.000404	0.018904	0.020538	0.960154
0.000555	0.022383	0.023626	0.953436
0.000494	0.021299	0.022164	0.956043
0.000259	0.015602	0.016097	0.968041
0.000027	0.005058	0.005189	0.989726
0.000011	0.003355	0.003355	0.993278
0.000021	0.004535	0.004535	0.990909
0.000001	0.000786	0.000786	0.998427
0.001036	0.451397	0.011981	0.535587
0.000093	0.966213	0.023139	0.010556
0.010088	0.968816	0.011008	0.010088
0.010852	0.975135	0.003161	0.010852
0.002018	0.995915	0.000049	0.002018
0.001755	0.995530	0.000960	0.001755
0.000266	0.994345	0.005122	0.000266
0.005003	0.982408	0.007586	0.005003
0.000580	0.984114	0.014726	0.000580
0.004130	0.707561	0.012565	0.275745
0.003007	0.420263	0.010464	0.566266
0.000455	0.133625	0.004923	0.860996
0.000014	0.003779	0.003779	0.992428
0.000049	0.006952	0.006952	0.986047
0.000028	0.005247	0.005247	0.989479
0.000000	0.000200	0.000200	0.999600
0.000461	0.260239	0.001307	0.737993
0.001226	0.779729	0.000344	0.218701
0.000056	0.999355	0.000533	0.000056
0.000487	0.419596	0.000940	0.578977
0.000000	0.000524	0.000524	0.998951
0.000000	0.000227	0.000227	0.999546
0.000011	0.003299	0.003299	0.993392
0.000002	0.001419	0.001419	0.997160
0.000000	0.000108	0.000108	0.999784
0.000021	0.006741	0.003157	0.990080
0.000016	0.009154	0.001721	0.989109
0.000010	0.006654	0.001459	0.991877
0.000000	0.000524	0.000524	0.998951
0.000019	0.004375	0.004375	0.991230
0.000011	0.003293	0.003293	0.993403
0.000000	0.000647	0.000647	0.998706
0.000003	0.001625	0.001625	0.996747
0.000018	0.004239	0.004239	0.991503
0.000004	0.001922	0.001922	0.996152
0.000003	0.000558	0.004693	0.994747
0.000024	0.003059	0.007678	0.989240
0.000021	0.003607	0.005759	0.990613
0.000000	0.000216	0.000216	0.999568
0.000094	0.001078	0.080086	0.918743
0.000790	0.001378	0.363496	0.634336
0.000640	0.000349	0.646393	0.352617
0.000736	0.000054	0.930517	0.068693
0.000156	0.000036	0.999653	0.000156
0.004520	0.000053	0.990907	0.004520
0.004668	0.000069	0.990595	0.004668
0.000063	0.000086	0.999787	0.000063
0.000624	0.000004	0.998748	0.000624
0.002724	0.000012	0.994540	0.002724
0.001929	0.000029	0.996112	0.001929
0.000538	0.000018	0.998906	0.000538
0.000178	0.000162	0.999154	0.000506
0.089506	0.000919	0.903809	0.005766
0.199949	0.002270	0.789747	0.008034
0.308138	0.002894	0.682840	0.006127
0.416758	0.001198	0.580417	0.001628
0.522978	0.001078	0.474964	0.000979
0.629918	0.000481	0.369320	0.000282
0.512348	0.225698	0.197702	0.064252
0.273116	0.574959	0.085057	0.066868
0.006294	0.945651	0.041761	0.006294
0.000000	0.999999	0.000000	0.000000
0.002477	0.992568	0.002477	0.002477
0.003111	0.987626	0.006152	0.003111
0.001928	0.985104	0.011041	0.001928
0.006908	0.971920	0.014263	0.006908
0.007779	0.964348	0.020094	0.007779
0.000955	0.968268	0.029822	0.000955
0.007576	0.952749	0.032098	0.007576
0.004468	0.951567	0.039497	0.004468
0.336998	0.632116	0.029869	0.001017
0.939279	0.057669	0.003028	0.000023
0.989781	0.005096	0.005096	0.000026
0.987817	0.006073	0.006073	0.000037
0.995695	0.002150	0.002150	0.000005
0.998393	0.000803	0.000803	0.000001
0.783120	0.108155	0.108155	0.000571
0.387709	0.305001	0.305001	0.002290
0.000009	0.454540	0.454540	0.090911
0.000814	0.988733	0.010015	0.000438
0.009142	0.986281	0.002077	0.002499
0.002122	0.992972	0.004597	0.000310
0.001175	0.696637	0.004940	0.297248
0.000128	0.250573	0.002932	0.746368
0.000401	0.142929	0.028384	0.828286
0.002296	0.464650	0.088601	0.444453
0.000910	0.789322	0.148004	0.061763
0.007510	0.835841	0.149139	0.007510
0.007510	0.840442	0.144539	0.007510
0.002478	0.852071	0.142973	0.002478
0.012302	0.844590	0.130807	0.012302
0.012586	0.850220	0.124608	0.012586
0.003342	0.869010	0.124307	0.003342
0.000180	0.714151	0.000072	0.285597
0.042696	0.467492	0.040991	0.448822
0.104962	0.201184	0.237887	0.455967
0.060142	0.040022	0.540295	0.359541
0.000602	0.000099	0.858429	0.140870

50
0.000000	0.500000	0.500000	0.000000
0.023280	0.476720	0.476720	0.023280
0.037460	0.462540	0.462540	0.037460
0.043111	0.456889	0.456889	0.043111
0.040458	0.459542	0.459542	0.040458
0.029396	0.470604	0.470604	0.029396
0.009480	0.490520	0.490520	0.009480
0.231706	0.382855	0.382855	0.002584
0.591209	0.203470	0.203470	0.001850
0.955529	0.022218	0.022218	0.000034
0.535587	0.011981	0.451397	0.001036
0.010556	0.023139	0.966213	0.000093
0.010088	0.011008	0.968816	0.010088
0.010852	0.003161	0.975135	0.010852
0.002018	0.000049	0.995915	0.002018
0.020870	0.021940	0.936320	0.020870
0.003167	0.117324	0.876343	0.003167
0.059501	0.174996	0.706001	0.059501
0.006897	0.340619	0.645587	0.006897
0.131435	0.399867	0.337263	0.131435
0.160714	0.559294	0.119277	0.160714
0.077114	0.833803	0.011968	0.077114
0.160021	0.836186	0.000609	0.003184
0.452639	0.540360	0.003191	0.003810
0.746629	0.248097	0.003959	0.001316
0.998080	0.000960	0.000960	0.000000
0.991846	0.004071	0.004071	0.000011
0.995501	0.002247	0.002247	0.000005
0.999944	0.000028	0.000028	0.000000
0.997686	0.001156	0.001156	0.000001
0.998951	0.000524	0.000524	0.000000
0.999546	0.000227	0.000227	0.000000
0.993392	0.003299	0.003299	0.000011
0.997160	0.001419	0.001419	0.000002
0.076945	0.027143	0.895813	0.000100
0.019818	0.014357	0.959718	0.006107
0.031750	0.002982	0.961950	0.003317
0.022714	0.007920	0.966529	0.002836
0.001030	0.022685	0.975255	0.001030
0.008593	0.025049	0.957765	0.008593
0.006468	0.032434	0.954631	0.006468
0.001290	0.040039	0.957382	0.001290
0.107124	0.038059	0.853364	0.001453
0.486502	0.023642	0.487678	0.002177
0.868076	0.007131	0.124542	0.000251
0.994747	0.004693	0.000558	0.000003
0.989240	0.007678	0.003059	0.000024
0.990613	0.005759	0.003607	0.000021
0.999568	0.000216	0.000216	0.000000
0.996588	0.002241	0.001169	0.000003
0.990770	0.007063	0.002152	0.000015
0.992038	0.006973	0.000983	0.000007
0.997265	0.001945	0.000789	0.000002
0.095265	0.882788	0.021810	0.000137
0.008808	0.969112	0.013272	0.008808
0.009096	0.975608	0.006201	0.009096
0.000123	0.995935	0.003819	0.000123
0.001217	0.997423	0.000144	0.001217
0.002723	0.994541	0.000012	0.002723
0.001929	0.996114	0.000028	0.001929
0.000538	0.998908	0.000016	0.000538
0.000390	0.999427	0.000046	0.000137
0.006405	0.974784	0.000262	0.018549
0.009978	0.951524	0.000688	0.037810
0.008681	0.937754	0.001087	0.052478
0.002701	0.933134	0.001262	0.062903
0.001992	0.927947	0.000852	0.069209
0.000737	0.927755	0.000146	0.071363
0.006965	0.924367	0.012513	0.056154
0.007250	0.931240	0.031619	0.029891
0.000300	0.829270	0.045387	0.125043
0.000002	0.001177	0.012078	0.986743
0.000853	0.056756	0.613716	0.328674
0.003111	0.080500	0.913277	0.003111
0.001928	0.077517	0.918628	0.001928
0.006908	0.069609	0.916574	0.006908
0.007779	0.063486	0.920956	0.007779
0.000955	0.061676	0.936414	0.000955
0.007576	0.052515	0.932332	0.007576
0.004468	0.048682	0.942382	0.004468
0.003046	0.044931	0.948978	0.003046
0.000773	0.042409	0.956046	0.000773
0.009942	0.030655	0.949460	0.009942
0.011848	0.022320	0.953984	0.011848
0.004195	0.018881	0.972728	0.004195
0.001601	0.016044	0.980754	0.001601
0.005217	0.009660	0.979906	0.005217
0.007353	0.002475	0.982819	0.007353
0.000020	0.000100	0.999860	0.000020
0.033934	0.113408	0.834379	0.018279
0.381351	0.341815	0.172581	0.104253
0.075827	0.759673	0.164263	0.000237
0.002088	0.791256	0.201582	0.005074
0.001000	0.789803	0.204612	0.004585
0.004633	0.784517	0.206217	0.004633
0.008124	0.776313	0.207440	0.008124
0.001907	0.780663	0.215524	0.001907
0.007510	0.769802	0.215179	0.007510
0.007510	0.766135	0.218846	0.007510
0.047664	0.734881	0.216240	0.001214
0.341678	0.504254	0.149893	0.004175
0.634287	0.278493	0.084865	0.002354
0.932801	0.050960	0.016127	0.000113
0.815269	0.000205	0.184480	0.000046
0.579933	0.001625	0.417272	0.001169
0.345582	0.002877	0.646162	0.005379
0.112841	0.001001	0.878362	0.007795
0.488402	0.002169	0.507178	0.002252

51
0.999999	0.000000	0.000000	0.000000
0.840524	0.085704	0.072009	0.001763
0.677678	0.164609	0.151517	0.006196
0.521882	0.239889	0.227270	0.010960
0.369301	0.314573	0.302300	0.013826
0.216155	0.391664	0.379615	0.012567
0.058583	0.474259	0.462312	0.004846
0.002584	0.387416	0.378293	0.231706
0.001850	0.205867	0.201073	0.591209
0.000034	0.022475	0.021962	0.955529
0.000005	0.002231	0.002231	0.995534
0.000000	0.000094	0.000094	0.999812
0.000027	0.005165	0.005165	0.989643
0.000031	0.005556	0.005556	0.988857
0.000001	0.001033	0.001033	0.997933
0.000001	0.000882	0.000882	0.998236
0.000000	0.000134	0.000134	0.999732
0.225900	0.249389	0.249389	0.275321
0.941298	0.028907	0.028907	0.000888
0.988603	0.005682	0.005682	0.000033
0.986055	0.006948	0.006948	0.000049
0.993321	0.003334	0.003334	0.000011
0.836186	0.159851	0.003354	0.000609
0.540360	0.452151	0.004298	0.003191
0.248097	0.745819	0.002126	0.003959
0.000399	0.998578	0.000624	0.000399
0.002414	0.995138	0.000035	0.002414
0.003344	0.993040	0.000271	0.003344
0.000030	0.999293	0.000648	0.000030
0.001221	0.996894	0.000665	0.001221
0.000555	0.998116	0.000775	0.000555
0.000238	0.998695	0.000830	0.000238
0.003453	0.992375	0.000719	0.003453
0.001485	0.996201	0.000829	0.001485
0.000114	0.998889	0.000883	0.000114
0.003265	0.988161	0.000436	0.008139
0.001778	0.986240	0.000097	0.011885
0.001915	0.987578	0.001525	0.008982
0.000687	0.993820	0.004807	0.000687
0.005729	0.983049	0.005493	0.005729
0.004312	0.983629	0.007747	0.004312
0.000860	0.988216	0.010064	0.000860
0.002131	0.985034	0.010704	0.002131
0.005558	0.977460	0.011423	0.005558
0.002520	0.981185	0.013774	0.002520
0.194350	0.800011	0.005167	0.000472
0.475445	0.521473	0.001470	0.001612
0.751346	0.245026	0.002736	0.000892
0.999568	0.000216	0.000216	0.000000
0.918743	0.080086	0.001078	0.000094
0.634336	0.363496	0.001378	0.000790
0.352617	0.646393	0.000349	0.000640
0.068693	0.930517	0.000054	0.000736
0.000156	0.999653	0.000036	0.000156
0.004520	0.990907	0.000053	0.004520
0.004668	0.990595	0.000069	0.004668
0.000063	0.999787	0.000086	0.000063
0.000624	0.998748	0.000004	0.000624
0.002726	0.994536	0.000013	0.002726
0.001931	0.996105	0.000034	0.001931
0.000539	0.998896	0.000027	0.000539
0.001037	0.997904	0.000694	0.000365
0.189550	0.794410	0.004449	0.011590
0.423871	0.546232	0.013875	0.016023
0.653910	0.307039	0.026958	0.012092
0.885376	0.071034	0.040425	0.003165
0.954470	0.001968	0.043472	0.000090
0.960302	0.000733	0.038936	0.000030
0.966572	0.003673	0.029642	0.000113
0.980339	0.003823	0.015776	0.000062
0.999315	0.000342	0.000342	0.000000
1.000000	0.000000	0.000000	0.000000
0.997507	0.001246	0.001246	0.000002
0.996862	0.001568	0.001568	0.000002
0.998057	0.000971	0.000971	0.000001
0.992958	0.003515	0.003515	0.000012
0.992069	0.003957	0.003957	0.000016
0.999030	0.000485	0.000485	0.000000
0.992290	0.003848	0.003848	0.000015
0.995457	0.002269	0.002269	0.000005
0.996931	0.001533	0.001533	0.000002
0.999222	0.000389	0.000389	0.000000
0.989781	0.005096	0.005096	0.000026
0.987817	0.006073	0.006073	0.000037
0.995695	0.002150	0.002150	0.000005
0.998393	0.000803	0.000803	0.000001
0.783120	0.214198	0.002112	0.000571
0.387709	0.608469	0.001532	0.002290
0.000020	0.999860	0.000100	0.000020
0.000412	0.999353	0.000014	0.000222
0.004627	0.994100	0.000009	0.001265
0.001228	0.995802	0.002659	0.000311
0.002088	0.988207	0.004630	0.005074
0.001000	0.985257	0.009159	0.004585
0.004633	0.977669	0.013064	0.004633
0.008124	0.966317	0.017436	0.008124
0.001907	0.969420	0.026767	0.001907
0.007510	0.955046	0.029935	0.007510
0.007510	0.948930	0.036051	0.007510
0.047664	0.908108	0.043014	0.001214
0.341678	0.622611	0.031536	0.004175
0.634287	0.343165	0.020193	0.002354
0.932801	0.062594	0.004493	0.000113
0.815269	0.000205	0.184480	0.000046
0.579933	0.001625	0.417272	0.001169
0.345582	0.002877	0.646162	0.005379
0.112841	0.001001	0.878362	0.007795
0.488402	0.002169	0.507178	0.002252

52
0.209655	0.290345	0.290345	0.209655
0.200723	0.299277	0.299277	0.200723
0.189813	0.310187	0.310187	0.189813
0.176487	0.323513	0.323513	0.176487
0.160211	0.339789	0.339789	0.160211
0.140332	0.359668	0.359668	0.140332
0.116051	0.383949	0.383949	0.116051
0.086394	0.413606	0.413606	0.086394
0.050171	0.449829	0.449829	0.050171
0.005929	0.494071	0.494071	0.005929
0.007318	0.408500	0.408500	0.175682
0.008980	0.310348	0.310348	0.370323
0.006412	0.214619	0.214619	0.564350
0.002472	0.117469	0.117469	0.762590
0.000048	0.015000	0.015000	0.969952
0.000005	0.002223	0.002223	0.995550
0.000000	0.000185	0.000185	0.999629
0.032188	0.147222	0.147222	0.673368
0.131896	0.231279	0.231279	0.405546
0.297647	0.247923	0.247923	0.206506
0.530599	0.197823	0.197823	0.073755
0.834592	0.078968	0.078968	0.007472
0.992428	0.003779	0.003779	0.000014
0.986047	0.006952	0.006952	0.000049
0.989479	0.005247	0.005247	0.000028
0.998080	0.000960	0.000960	0.000000
0.991846	0.004071	0.004071	0.000011
0.995501	0.002247	0.002247	0.000005
0.902560	0.048340	0.048340	0.000759
0.744064	0.125656	0.125656	0.004624
0.594257	0.197981	0.197981	0.009780
0.449464	0.268219	0.268219	0.014099
0.306117	0.339187	0.339187	0.015508
0.160646	0.413735	0.413735	0.011883
0.009348	0.494855	0.494855	0.000943
0.022849	0.477151	0.477151	0.022849
0.038332	0.461668	0.461668	0.038332
0.045319	0.454681	0.454681	0.045319
0.044092	0.455908	0.455908	0.044092
0.034601	0.465399	0.465399	0.034601
0.016465	0.483535	0.483535	0.016465
0.005617	0.471562	0.471562	0.051259
0.015382	0.398159	0.398159	0.188299
0.018335	0.330703	0.330703	0.320259
0.016538	0.266485	0.266485	0.450491
0.011908	0.202930	0.202930	0.582233
0.006313	0.137485	0.137485	0.718717
0.001669	0.067524	0.067524	0.863283
0.000035	0.001217	0.027887	0.970861
0.002300	0.006604	0.256044	0.735052
0.005662	0.005980	0.480685	0.507674
0.006779	0.002712	0.707435	0.283074
0.002296	0.000136	0.941928	0.055641
0.049054	0.001334	0.924478	0.025134
0.106328	0.006445	0.836524	0.050703
0.156999	0.014284	0.759606	0.069111
0.202613	0.023890	0.691913	0.081583
0.244503	0.034484	0.631894	0.089119
0.283831	0.045426	0.578204	0.092539
0.321636	0.056183	0.529660	0.092521
0.358864	0.066294	0.485208	0.089634
0.396407	0.075342	0.443886	0.084366
0.435125	0.082931	0.404794	0.077150
0.475881	0.088663	0.367066	0.068390
0.519564	0.092114	0.329844	0.058478
0.567121	0.092809	0.292244	0.047826
0.619583	0.090199	0.253337	0.036881
0.678101	0.083634	0.212105	0.026160
0.743980	0.072326	0.167418	0.016276
0.818723	0.055321	0.117985	0.007972
0.904078	0.031446	0.062309	0.002167
0.999998	0.000001	0.000001	0.000001
0.818527	0.089715	0.089715	0.002043
0.647573	0.172997	0.172997	0.006433
0.482918	0.253189	0.253189	0.010705
0.320497	0.333509	0.333509	0.012486
0.156267	0.417180	0.417180	0.009374
0.006745	0.495463	0.495463	0.002329
0.086176	0.443692	0.443692	0.026440
0.158131	0.399695	0.399695	0.042478
0.224658	0.361706	0.361706	0.051930
0.287566	0.328200	0.328200	0.056034
0.348494	0.297832	0.297832	0.055841
0.408967	0.269384	0.269384	0.052264
0.470447	0.241714	0.241714	0.046124
0.534382	0.213712	0.213712	0.038194
0.602258	0.184253	0.184253	0.029236
0.675639	0.152156	0.152156	0.020050
0.756228	0.116131	0.116131	0.011510
0.845916	0.074734	0.074734	0.004615
0.946848	0.026303	0.026303	0.000545
0.995760	0.002118	0.002118	0.000005
0.995165	0.002415	0.002415	0.000006
0.998993	0.000503	0.000503	0.000000
0.995284	0.002355	0.002355	0.000006
0.991723	0.004130	0.004130	0.000017
0.998060	0.000969	0.000969	0.000001
0.813983	0.106073	0.070727	0.009217
0.622305	0.206401	0.128631	0.042663
0.458959	0.281688	0.160715	0.098639
0.320691	0.334304	0.168917	0.176088
0.205202	0.365693	0.154237	0.274868
0.111084	0.376420	0.116779	0.395717
0.037799	0.366189	0.055765	0.540247
0.000893	0.318618	0.001902	0.678587
0.001926	0.231302	0.006331	0.760441
0.001269	0.143006	0.007527	0.848198
0.000229	0.051533	0.004192	0.944046

53
0.999999	0.000000	0.000000	0.000000
0.831572	0.151443	0.015241	0.001744
0.670460	0.296773	0.026637	0.006130
0.516323	0.439804	0.033030	0.010843
0.365368	0.584218	0.036735	0.013678
0.213852	0.733693	0.040022	0.012433
0.057959	0.892024	0.045222	0.004795
0.006517	0.946268	0.040698	0.006517
0.008808	0.948982	0.033401	0.008808
0.001527	0.965851	0.031096	0.001527
0.004374	0.966188	0.025063	0.004374
0.000184	0.976764	0.022868	0.000184
0.009981	0.969270	0.010768	0.009981
0.010736	0.975434	0.003093	0.010736
0.001997	0.995959	0.000048	0.001997
0.000916	0.998129	0.000040	0.000916
0.000139	0.999524	0.000198	0.000139
0.002611	0.994538	0.000239	0.002611
0.000303	0.998971	0.000424	0.000303
0.005768	0.988201	0.000263	0.005768
0.007053	0.985764	0.000130	0.007053
0.003384	0.993212	0.000019	0.003384
0.003783	0.992419	0.000015	0.003783
0.006959	0.986026	0.000055	0.006959
0.005252	0.989451	0.000045	0.005252
0.000205	0.999572	0.000018	0.000205
0.001765	0.996466	0.000003	0.001765
0.001567	0.996864	0.000002	0.001567
0.000056	0.999355	0.000533	0.000056
0.578977	0.419596	0.000940	0.000487
0.998951	0.000524	0.000524	0.000000
0.999546	0.000227	0.000227	0.000000
0.993392	0.003299	0.003299	0.000011
0.997160	0.001419	0.001419	0.000002
0.999784	0.000108	0.000108	0.000000
0.821672	0.002620	0.175149	0.000559
0.639368	0.001113	0.358894	0.000625
0.339646	0.118430	0.540338	0.001586
0.001030	0.289345	0.708595	0.001030
0.008593	0.286151	0.696663	0.008593
0.006468	0.290591	0.696473	0.006468
0.001290	0.296837	0.700583	0.001290
0.001453	0.266293	0.625130	0.107124
0.002177	0.153543	0.357777	0.486502
0.000251	0.039998	0.091674	0.868076
0.000003	0.000558	0.004693	0.994747
0.000024	0.003059	0.007678	0.989240
0.000021	0.003607	0.005759	0.990613
0.000000	0.000216	0.000216	0.999568
0.000094	0.001078	0.080086	0.918743
0.000790	0.001378	0.363496	0.634336
0.000640	0.000349	0.646393	0.352617
0.000736	0.000054	0.930517	0.068693
0.904583	0.000137	0.095265	0.000014
0.990989	0.004495	0.004495	0.000020
0.990694	0.004642	0.004642	0.000022
0.999920	0.000062	0.000018	0.000000
0.999005	0.000611	0.000383	0.000000
0.994562	0.002715	0.002715	0.000007
0.996150	0.001923	0.001923	0.000004
0.998937	0.000531	0.000531	0.000000
0.000131	0.000028	0.999473	0.000369
0.014288	0.000146	0.979318	0.006248
0.028209	0.000320	0.961688	0.009783
0.037553	0.000353	0.953539	0.008556
0.042535	0.000122	0.954666	0.002677
0.042743	0.000088	0.955199	0.001969
0.038401	0.000029	0.960837	0.000733
0.020396	0.009013	0.673141	0.297450
0.005039	0.010640	0.316323	0.667998
0.000000	0.000342	0.000342	0.999315
0.000000	0.000000	0.000000	1.000000
0.000002	0.001246	0.001246	0.997507
0.000002	0.001568	0.001568	0.996862
0.000001	0.000971	0.000971	0.998057
0.000012	0.003515	0.003515	0.992958
0.000016	0.003957	0.003957	0.992069
0.000000	0.000485	0.000485	0.999030
0.000015	0.003848	0.003848	0.992290
0.000005	0.002269	0.002269	0.995457
0.000518	0.017746	0.320269	0.661466
0.000366	0.046790	0.892513	0.060332
0.009942	0.038024	0.942091	0.009942
0.011848	0.029793	0.946512	0.011848
0.004195	0.026531	0.965078	0.004195
0.001601	0.023781	0.973016	0.001601
0.005217	0.017442	0.972124	0.005217
0.007353	0.010337	0.974956	0.007353
0.000094	0.008045	0.991768	0.000094
0.000440	0.005422	0.993698	0.000440
0.002520	0.000573	0.994388	0.002520
0.000312	0.000675	0.998702	0.000312
0.002088	0.002212	0.990626	0.005074
0.001000	0.006758	0.987657	0.004585
0.169353	0.008943	0.819743	0.001960
0.551400	0.006859	0.439890	0.001851
0.937266	0.001538	0.061135	0.000060
0.992343	0.003821	0.003821	0.000015
0.992343	0.003821	0.003821	0.000015
0.997451	0.001274	0.001274	0.000002
0.987313	0.006323	0.006323	0.000040
0.987019	0.006469	0.006469	0.000042
0.996562	0.001718	0.001718	0.000003
0.815269	0.000205	0.184480	0.000046
0.579933	0.001625	0.417272	0.001169
0.345582	0.002877	0.646162	0.005379
0.112841	0.001001	0.878362	0.007795
0.000698	0.000003	0.994881	0.004417

54
0.000000	0.500000	0.500000	0.000000
0.023280	0.476720	0.476720	0.023280
0.037460	0.462540	0.462540	0.037460
0.043111	0.456889	0.456889	0.043111
0.040458	0.459542	0.459542	0.040458
0.029396	0.470604	0.470604	0.029396
0.009480	0.490520	0.490520	0.009480
0.006587	0.493413	0.493413	0.006587
0.008903	0.491097	0.491097	0.008903
0.001543	0.498457	0.498457	0.001543
0.004422	0.495578	0.495578	0.004422
0.000186	0.499814	0.499814	0.000186
0.003558	0.341663	0.341663	0.313116
0.002044	0.183694	0.183694	0.630567
0.000047	0.023064	0.023064	0.953825
0.000001	0.000882	0.000882	0.998236
0.000000	0.000134	0.000134	0.999732
0.000006	0.002527	0.002527	0.994940
0.000000	0.000293	0.000293	0.999414
0.001585	0.275745	0.004130	0.718541
0.003990	0.566266	0.003007	0.426737
0.002890	0.860996	0.000455	0.135659
0.160021	0.836186	0.000609	0.003184
0.452639	0.540360	0.003191	0.003810
0.746629	0.248097	0.003959	0.001316
0.998080	0.000960	0.000960	0.000000
0.991846	0.004071	0.004071	0.000011
0.995501	0.002247	0.002247	0.000005
0.999944	0.000028	0.000028	0.000000
0.997686	0.001156	0.001156	0.000001
0.998951	0.000524	0.000524	0.000000
0.999546	0.000227	0.000227	0.000000
0.993392	0.003299	0.003299	0.000011
0.997160	0.001419	0.001419	0.000002
0.999784	0.000108	0.000108	0.000000
0.990080	0.003157	0.006741	0.000021
0.989109	0.001721	0.009154	0.000016
0.991877	0.001459	0.006654	0.000010
0.998951	0.000524	0.000524	0.000000
0.991230	0.004375	0.004375	0.000019
0.993403	0.003293	0.003293	0.000011
0.998706	0.000647	0.000647	0.000000
0.891248	0.002382	0.106196	0.000175
0.509240	0.006434	0.482246	0.002080
0.129998	0.007878	0.860450	0.001675
0.001106	0.002438	0.987002	0.009454
0.003100	0.000118	0.984356	0.012425
0.003665	0.000307	0.988018	0.008010
0.000226	0.000516	0.999032	0.000226
0.001204	0.000404	0.996086	0.002306
0.002215	0.000128	0.990386	0.007270
0.000983	0.000007	0.991862	0.007149
0.000789	0.000002	0.997231	0.001979
0.000156	0.000036	0.999653	0.000156
0.004520	0.000053	0.990907	0.004520
0.004668	0.000069	0.990595	0.004668
0.000063	0.000086	0.999787	0.000063
0.000624	0.000004	0.998748	0.000624
0.005366	0.001425	0.987843	0.005366
0.003801	0.007587	0.984811	0.003801
0.595394	0.005105	0.399286	0.000215
0.999538	0.000341	0.000121	0.000000
0.979390	0.006243	0.014276	0.000091
0.961754	0.009775	0.028185	0.000286
0.953594	0.008549	0.037521	0.000336
0.954707	0.002675	0.042499	0.000119
0.955230	0.001969	0.042713	0.000088
0.960859	0.000733	0.038378	0.000029
0.966931	0.003674	0.029284	0.000111
0.980504	0.003824	0.015611	0.000061
0.999315	0.000342	0.000342	0.000000
1.000000	0.000000	0.000000	0.000000
0.997507	0.001246	0.001246	0.000002
0.714559	0.261909	0.023086	0.000446
0.147812	0.785109	0.066250	0.000828
0.006908	0.916574	0.069609	0.006908
0.007779	0.920956	0.063486	0.007779
0.000955	0.936414	0.061676	0.000955
0.007576	0.932332	0.052515	0.007576
0.004468	0.942382	0.048682	0.004468
0.003046	0.948978	0.044931	0.003046
0.000773	0.956046	0.042409	0.000773
0.009942	0.949460	0.030655	0.009942
0.011848	0.953984	0.022320	0.011848
0.004195	0.972728	0.018881	0.004195
0.001601	0.980754	0.016044	0.001601
0.005217	0.979906	0.009660	0.005217
0.007353	0.982819	0.002475	0.007353
0.000020	0.999860	0.000100	0.000020
0.000337	0.999430	0.000011	0.000222
0.003310	0.995417	0.000006	0.001266
0.000746	0.998498	0.000567	0.000189
0.001269	0.994677	0.000969	0.003085
0.000608	0.994716	0.001889	0.002787
0.002817	0.991735	0.002632	0.002817
0.004938	0.986728	0.003395	0.004938
0.001159	0.992543	0.005139	0.001159
0.004565	0.985359	0.005511	0.004565
0.004565	0.984438	0.006432	0.004565
0.001506	0.989126	0.007861	0.001506
0.007478	0.977376	0.007667	0.007478
0.007651	0.976278	0.008420	0.007651
0.002031	0.985816	0.010121	0.002031
0.000203	0.806667	0.000049	0.193081
0.001608	0.573879	0.001186	0.423327
0.002847	0.342012	0.005409	0.649731
0.000991	0.111688	0.007805	0.879515
0.002169	0.488402	0.002252	0.507178

55
0.000001	0.499999	0.499999	0.000001
0.010840	0.415481	0.415481	0.158197
0.014301	0.337604	0.337604	0.310491
0.012763	0.263243	0.263243	0.460751
0.008453	0.189413	0.189413	0.612721
0.003550	0.113152	0.113152	0.770146
0.000303	0.031398	0.031398	0.936900
0.000011	0.003355	0.003355	0.993278
0.000021	0.004535	0.004535	0.990909
0.000001	0.000786	0.000786	0.998427
0.000005	0.002231	0.002231	0.995534
0.000000	0.000094	0.000094	0.999812
0.001634	0.003558	0.313116	0.681692
0.003543	0.002044	0.630567	0.363845
0.000988	0.000047	0.953825	0.045141
0.000916	0.000040	0.998129	0.000916
0.000139	0.000198	0.999524	0.000139
0.002611	0.000239	0.994538	0.002611
0.000303	0.000424	0.998971	0.000303
0.005768	0.000263	0.988201	0.005768
0.007053	0.000130	0.985764	0.007053
0.003384	0.000019	0.993212	0.003384
0.003828	0.000024	0.992320	0.003828
0.007042	0.000127	0.985789	0.007042
0.005315	0.000239	0.989132	0.005315
0.000991	0.000341	0.998462	0.000207
0.004197	0.000153	0.993838	0.001812
0.002314	0.000016	0.996059	0.001611
0.000056	0.000533	0.999355	0.000056
0.578977	0.000940	0.419596	0.000487
0.998951	0.000524	0.000524	0.000000
0.999546	0.000227	0.000227	0.000000
0.993392	0.003299	0.003299	0.000011
0.997160	0.001419	0.001419	0.000002
0.999784	0.000108	0.000108	0.000000
0.990080	0.003157	0.006741	0.000021
0.989109	0.001721	0.009154	0.000016
0.991877	0.001459	0.006654	0.000010
0.969914	0.015035	0.015035	0.000016
0.599990	0.199132	0.199132	0.001746
0.235101	0.381187	0.381187	0.002525
0.001290	0.498710	0.498710	0.001290
0.001453	0.445711	0.445711	0.107124
0.002177	0.255660	0.255660	0.486502
0.000251	0.065836	0.065836	0.868076
0.000003	0.000558	0.004693	0.994747
0.000024	0.003059	0.007678	0.989240
0.000021	0.003607	0.005759	0.990613
0.000000	0.000216	0.000216	0.999568
0.000094	0.001078	0.080086	0.918743
0.000790	0.001378	0.363496	0.634336
0.000640	0.000349	0.646393	0.352617
0.000736	0.000054	0.930517	0.068693
0.000303	0.001440	0.997954	0.000303
0.008808	0.003792	0.978593	0.008808
0.009096	0.010607	0.971201	0.009096
0.015892	0.021650	0.962397	0.000061
0.808903	0.004674	0.186306	0.000116
0.652483	0.343647	0.002929	0.000941
0.200001	0.795404	0.003054	0.001541
0.001060	0.996374	0.001506	0.001060
0.000956	0.998441	0.000397	0.000206
0.007062	0.896809	0.001744	0.094385
0.010038	0.775345	0.004452	0.210164
0.007857	0.661895	0.007458	0.322790
0.002162	0.553658	0.009128	0.435052
0.000951	0.443106	0.006817	0.549125
0.000264	0.332162	0.001368	0.666206
0.000829	0.218287	0.002956	0.777927
0.000400	0.102597	0.003485	0.893519
0.000000	0.000342	0.000342	0.999315
0.000000	0.000000	0.000000	1.000000
0.000002	0.001246	0.001246	0.997507
0.000002	0.001568	0.001568	0.996862
0.000001	0.000971	0.000971	0.998057
0.000012	0.003515	0.003515	0.992958
0.000016	0.003957	0.003957	0.992069
0.000001	0.000807	0.000807	0.998385
0.000068	0.008160	0.008160	0.983613
0.000115	0.010610	0.010610	0.978666
0.000069	0.008256	0.008256	0.983419
0.000001	0.001004	0.001004	0.997991
0.000026	0.005096	0.005096	0.989781
0.000037	0.006073	0.006073	0.987817
0.000005	0.002150	0.002150	0.995695
0.000001	0.000803	0.000803	0.998393
0.000571	0.003813	0.212497	0.783120
0.002290	0.006400	0.603601	0.387709
0.000094	0.008045	0.991768	0.000094
0.000440	0.005422	0.993698	0.000440
0.002520	0.000573	0.994388	0.002520
0.000312	0.000675	0.998702	0.000312
0.002088	0.002212	0.990626	0.005074
0.001000	0.006758	0.987657	0.004585
0.004633	0.010692	0.980042	0.004633
0.008124	0.015103	0.968650	0.008124
0.001907	0.024449	0.971738	0.001907
0.002632	0.019227	0.665433	0.312708
0.001204	0.010823	0.304517	0.683456
0.000002	0.001274	0.001274	0.997451
0.000040	0.006323	0.006323	0.987313
0.000042	0.006469	0.006469	0.987019
0.000003	0.001718	0.001718	0.996562
0.000002	0.006668	0.000250	0.993080
0.000030	0.010802	0.002764	0.986403
0.000083	0.010015	0.008173	0.981728
0.000039	0.004423	0.008757	0.986781
0.000003	0.000698	0.004417	0.994881

56
0.209655	0.468306	0.112383	0.209655
0.200723	0.495955	0.102599	0.200723
0.189813	0.527550	0.092824	0.189813
0.176487	0.563736	0.083290	0.176487
0.160211	0.605276	0.074301	0.160211
0.140332	0.653077	0.066259	0.140332
0.116051	0.708216	0.059682	0.116051
0.086394	0.771977	0.055235	0.086394
0.050171	0.845890	0.053768	0.050171
0.005929	0.931786	0.056357	0.005929
0.016626	0.928090	0.038659	0.016626
0.026740	0.924111	0.022409	0.026740
0.027894	0.933605	0.010608	0.027894
0.020134	0.956631	0.003101	0.020134
0.003148	0.993655	0.000049	0.003148
0.030119	0.916473	0.023288	0.030119
0.002512	0.886108	0.108867	0.002512
0.131666	0.596877	0.139791	0.131666
0.206841	0.359502	0.226815	0.206841
0.221727	0.183080	0.373466	0.221727
0.176921	0.065397	0.580761	0.176921
0.070624	0.006626	0.852125	0.070624
0.129930	0.024838	0.715301	0.129930
0.239037	0.200017	0.321908	0.239037
0.180405	0.542325	0.096866	0.180405
0.007058	0.964435	0.021450	0.007058
0.192735	0.546565	0.067964	0.192735
0.171064	0.047981	0.609891	0.171064
0.088986	0.000759	0.902560	0.007695
