46	0.000000	1	0.000000
46	0.004530	0.99094	0.004530
46	0.000149	0.910932	0.088919
46	0.000002	0.002514	0.997484
46	0.000028	0.010582	0.989389
46	0.000020	0.00882	0.991161
46	0.000000	0.000844	0.999155
46	0.000000	0.00091	0.999090
46	0.000029	0.010752	0.989219
46	0.000029	0.010752	0.989219
46	0.000000	0.00091	0.999090
46	0.000006	0.00477	0.995225
46	0.000009	0.005956	0.994036
46	0.000001	0.001992	0.998007
46	0.000006	0.004968	0.995026
46	0.000000	0.000504	0.999496
46	0.000001	0.00193	0.998068
47	0.000001	2e-06	0.999996
47	0.001193	0.520706	0.478101
47	0.000327	0.999346	0.000327
47	0.002460	0.99508	0.002460
47	0.010353	0.979294	0.010353
47	0.008628	0.982744	0.008628
47	0.000842	0.998316	0.000842
47	0.000889	0.998222	0.000889
47	0.010501	0.978998	0.010501
47	0.010501	0.978998	0.010501
47	0.000889	0.998222	0.000889
47	0.001833	0.765538	0.232629
47	0.001005	0.33751	0.661484
47	0.000001	0.001992	0.998007
47	0.000006	0.004968	0.995026
47	0.000000	0.000504	0.999496
47	0.000001	0.00193	0.998068
48	0.999999	0	0.000000
48	0.878819	0.118988	0.002193
48	0.769671	0.222684	0.007646
48	0.669901	0.31525	0.014850
48	0.577116	0.400402	0.022483
48	0.489105	0.481556	0.029339
48	0.403765	0.56197	0.034265
48	0.319031	0.644872	0.036098
48	0.232805	0.733586	0.033608
48	0.142889	0.831678	0.025434
48	0.046905	0.943078	0.010017
48	0.025593	0.948814	0.025593
48	0.066271	0.867458	0.066271
48	0.099576	0.800848	0.099576
48	0.126843	0.746314	0.126843
48	0.149167	0.701666	0.149167
48	0.167445	0.66511	0.167445
49	1.000000	0	0.000000
49	0.995423	0.004572	0.000005
49	0.999672	0.000328	0.000000
49	0.938445	0.061478	0.000076
49	0.603061	0.394844	0.002094
49	0.272793	0.723992	0.003216
49	0.000842	0.998316	0.000842
49	0.000889	0.998222	0.000889
49	0.010501	0.978998	0.010501
49	0.010501	0.978998	0.010501
49	0.000889	0.998222	0.000889
49	0.764981	0.234462	0.000557
49	0.335529	0.66249	0.001982
49	0.001972	0.996056	0.001972
49	0.004917	0.990166	0.004917
49	0.000503	0.998994	0.000503
49	0.000644	0.666238	0.333119
50	1.000000	0	0.000000
50	0.995423	0.004572	0.000005
50	0.999672	0.000328	0.000000
50	0.997484	0.002514	0.000002
50	0.989389	0.010582	0.000028
50	0.991161	0.00882	0.000020
50	0.999155	0.000844	0.000000
50	0.999090	0.00091	0.000000
50	0.989219	0.010752	0.000029
50	0.989219	0.010752	0.000029
50	0.999090	0.00091	0.000000
50	0.054376	0.35762	0.588003
50	0.440187	0.446558	0.113255
50	0.998007	0.001992	0.000001
50	0.995026	0.004968	0.000006
50	0.999496	0.000504	0.000000
50	0.998068	0.00193	0.000001
51	0.000000	1	0.000000
51	0.004530	0.99094	0.004530
51	0.000149	0.910932	0.088919
51	0.000076	0.061478	0.938445
51	0.002094	0.394844	0.603061
51	0.003216	0.723992	0.272793
51	0.000842	0.998316	0.000842
51	0.000889	0.998222	0.000889
51	0.010501	0.978998	0.010501
51	0.010501	0.978998	0.010501
51	0.000889	0.998222	0.000889
51	0.001833	0.765538	0.232629
51	0.001005	0.33751	0.661484
51	0.000001	0.001992	0.998007
51	0.000006	0.004968	0.995026
51	0.000000	0.000504	0.999496
51	0.000322	0.333762	0.665915
52	0.219140	0.56172	0.219140
52	0.212308	0.575384	0.212308
52	0.203962	0.592076	0.203962
52	0.193769	0.612462	0.193769
52	0.181320	0.63736	0.181320
52	0.166114	0.667772	0.166114
52	0.147541	0.704918	0.147541
52	0.124857	0.750286	0.124857
52	0.097149	0.805702	0.097149
52	0.063308	0.873384	0.063308
52	0.021974	0.956052	0.021974
52	0.025593	0.948814	0.025593
52	0.066271	0.867458	0.066271
52	0.099576	0.800848	0.099576
52	0.126843	0.746314	0.126843
52	0.149167	0.701666	0.149167
52	0.167445	0.66511	0.167445
53	0.000001	2e-06	0.999996
53	0.001193	0.520706	0.478101
53	0.000327	0.999346	0.000327
53	0.002460	0.99508	0.002460
53	0.010353	0.979294	0.010353
53	0.008628	0.982744	0.008628
53	0.000842	0.998316	0.000842
53	0.000889	0.998222	0.000889
53	0.010501	0.978998	0.010501
53	0.010501	0.978998	0.010501
53	0.000889	0.998222	0.000889
53	0.232629	0.765538	0.001833
53	0.661484	0.33751	0.001005
53	0.998007	0.001992	0.000001
53	0.995026	0.004968	0.000006
53	0.999496	0.000504	0.000000
53	0.998068	0.00193	0.000001
54	0.000000	0	1.000000
54	0.000005	0.004572	0.995423
54	0.000000	0.000328	0.999672
54	0.000002	0.002514	0.997484
54	0.000028	0.010582	0.989389
54	0.000020	0.00882	0.991161
54	0.000000	0.000844	0.999155
54	0.000000	0.00091	0.999090
54	0.000029	0.010752	0.989219
54	0.000029	0.010752	0.989219
54	0.000000	0.00091	0.999090
54	0.000006	0.00477	0.995225
54	0.000009	0.005956	0.994036
54	0.000001	0.001992	0.998007
54	0.000006	0.004968	0.995026
54	0.000000	0.000504	0.999496
54	0.000001	0.00193	0.998068
55	0.000001	2e-06	0.999996
55	0.001193	0.520706	0.478101
55	0.000327	0.999346	0.000327
55	0.002460	0.99508	0.002460
55	0.010353	0.979294	0.010353
55	0.008628	0.982744	0.008628
55	0.000842	0.998316	0.000842
55	0.000889	0.998222	0.000889
55	0.010501	0.978998	0.010501
55	0.010501	0.978998	0.010501
55	0.000889	0.998222	0.000889
55	0.004707	0.990586	0.004707
55	0.005877	0.988246	0.005877
55	0.001972	0.996056	0.001972
55	0.004917	0.990166	0.004917
55	0.000191	0.756584	0.243225
55	0.000001	0.00193	0.998068
56	0.000000	1	0.000000
56	0.019345	0.881012	0.099642
56	0.030643	0.777316	0.192041
56	0.035568	0.68475	0.279682
56	0.035564	0.599598	0.364837
56	0.031914	0.518444	0.449642
56	0.025803	0.43803	0.536167
56	0.018382	0.355128	0.626489
56	0.010825	0.266414	0.722762
56	0.004393	0.168322	0.827284
56	0.000498	0.056922	0.942580
56	0.000691	0.051186	0.948123
56	0.005093	0.132542	0.862365
56	0.012579	0.199152	0.788270
56	0.022220	0.253686	0.724095
56	0.033291	0.298334	0.668374
56	0.045231	0.33489	0.619878
57	0.000001	2e-06	0.999996
57	0.001193	0.520706	0.478101
57	0.000327	0.999346	0.000327
57	0.002460	0.99508	0.002460
57	0.010353	0.979294	0.010353
57	0.008628	0.982744	0.008628
57	0.000842	0.998316	0.000842
57	0.000446	0.980184	0.019369
57	0.003566	0.657948	0.338486
57	0.001840	0.342052	0.656109
57	0.000009	0.019816	0.980176
57	0.000006	0.00477	0.995225
57	0.000009	0.005956	0.994036
57	0.000108	0.108886	0.891006
57	0.001489	0.597388	0.401123
57	0.000503	0.998994	0.000503
57	0.001922	0.996156	0.001922
58	0.999996	2e-06	0.000001
58	0.478101	0.520706	0.001193
58	0.000327	0.999346	0.000327
58	0.002460	0.99508	0.002460
58	0.010353	0.979294	0.010353
58	0.008628	0.982744	0.008628
58	0.000842	0.998316	0.000842
58	0.000889	0.998222	0.000889
58	0.010501	0.978998	0.010501
58	0.010501	0.978998	0.010501
58	0.000889	0.998222	0.000889
58	0.232629	0.765538	0.001833
58	0.661484	0.33751	0.001005
58	0.891006	0.108886	0.000108
58	0.401123	0.597388	0.001489
58	0.000503	0.998994	0.000503
58	0.001922	0.996156	0.001922
59	1.000000	0	0.000000
59	0.995423	0.004572	0.000005
59	0.999672	0.000328	0.000000
59	0.938445	0.061478	0.000076
59	0.603061	0.394844	0.002094
59	0.272793	0.723992	0.003216
59	0.000842	0.998316	0.000842
59	0.000889	0.998222	0.000889
59	0.010501	0.978998	0.010501
59	0.010501	0.978998	0.010501
59	0.000889	0.998222	0.000889
59	0.232629	0.765538	0.001833
59	0.661484	0.33751	0.001005
59	0.998007	0.001992	0.000001
59	0.995026	0.004968	0.000006
59	0.999496	0.000504	0.000000
59	0.998068	0.00193	0.000001
60	0.000000	0	1.000000
60	0.000005	0.004572	0.995423
60	0.000000	0.000328	0.999672
60	0.000002	0.002514	0.997484
60	0.000028	0.010582	0.989389
60	0.000020	0.00882	0.991161
60	0.000000	0.000844	0.999155
60	0.000009	0.019816	0.980176
60	0.001840	0.342052	0.656109
60	0.003566	0.657948	0.338486
60	0.000446	0.980184	0.019369
60	0.004707	0.990586	0.004707
60	0.005877	0.988246	0.005877
60	0.001972	0.996056	0.001972
60	0.004917	0.990166	0.004917
60	0.000503	0.998994	0.000503
60	0.001922	0.996156	0.001922
61	0.000000	1	0.000000
61	0.004530	0.99094	0.004530
61	0.000327	0.999346	0.000327
61	0.002460	0.99508	0.002460
61	0.010353	0.979294	0.010353
61	0.008628	0.982744	0.008628
61	0.000842	0.998316	0.000842
61	0.000889	0.998222	0.000889
61	0.010501	0.978998	0.010501
61	0.010501	0.978998	0.010501
61	0.000889	0.998222	0.000889
61	0.009641	0.980718	0.009641
61	0.020145	0.95971	0.020145
61	0.021424	0.957152	0.021424
61	0.013529	0.972942	0.013529
61	0.000503	0.998994	0.000503
61	0.001922	0.996156	0.001922
62	0.000000	0	1.000000
62	0.000005	0.004572	0.995423
62	0.000000	0.000328	0.999672
62	0.000002	0.002514	0.997484
62	0.000028	0.010582	0.989389
62	0.000020	0.00882	0.991161
62	0.000068	0.161096	0.838836
62	0.000889	0.998222	0.000889
62	0.010501	0.978998	0.010501
62	0.010501	0.978998	0.010501
62	0.000889	0.998222	0.000889
62	0.004707	0.990586	0.004707
62	0.005877	0.988246	0.005877
62	0.001972	0.996056	0.001972
62	0.004917	0.990166	0.004917
62	0.243225	0.756584	0.000191
62	0.998068	0.00193	0.000001
63	0.007629	0.159434	0.832936
63	0.001931	0.084032	0.914037
63	0.000000	0.000328	0.999672
63	0.000002	0.002514	0.997484
63	0.000028	0.010582	0.989389
63	0.000020	0.00882	0.991161
63	0.000000	0.000844	0.999155
63	0.000000	0.00091	0.999090
63	0.000029	0.010752	0.989219
63	0.000029	0.010752	0.989219
63	0.000000	0.00091	0.999090
63	0.000006	0.00477	0.995225
63	0.000009	0.005956	0.994036
63	0.000108	0.108886	0.891006
63	0.001489	0.597388	0.401123
63	0.000503	0.998994	0.000503
63	0.001922	0.996156	0.001922
64	0.000000	1	0.000000
64	0.004530	0.99094	0.004530
64	0.000327	0.999346	0.000327
64	0.002460	0.99508	0.002460
64	0.010353	0.979294	0.010353
64	0.008628	0.982744	0.008628
64	0.000842	0.998316	0.000842
64	0.000889	0.998222	0.000889
64	0.010501	0.978998	0.010501
64	0.010501	0.978998	0.010501
64	0.000889	0.998222	0.000889
64	0.004707	0.990586	0.004707
64	0.005877	0.988246	0.005877
64	0.001972	0.996056	0.001972
64	0.004917	0.990166	0.004917
64	0.000503	0.998994	0.000503
64	0.001922	0.996156	0.001922
65	1.000000	0	0.000000
65	0.995423	0.004572	0.000005
65	0.999672	0.000328	0.000000
65	0.938445	0.061479	0.000076
65	0.603061	0.394844	0.002094
65	0.272793	0.723991	0.003216
65	0.000842	0.998316	0.000842
65	0.000889	0.998222	0.000889
65	0.010501	0.978999	0.010501
65	0.010501	0.978998	0.010501
65	0.000889	0.998222	0.000889
65	0.001087	0.766057	0.232855
65	0.000862	0.337372	0.661766
65	0.000001	0.001992	0.998007
65	0.000006	0.004968	0.995026
65	0.000000	0.000504	0.999496
65	0.000021	0.022447	0.977531
66	0.000001	0.999998	0.000001
66	0.001098	0.479294	0.519608
66	0.000000	0.000328	0.999672
66	0.000002	0.002514	0.997484
66	0.000028	0.010582	0.989389
66	0.000020	0.00882	0.991161
66	0.000000	0.000844	0.999155
66	0.000000	0.00091	0.999090
66	0.000029	0.010752	0.989219
66	0.000029	0.010752	0.989219
66	0.000000	0.00091	0.999090
66	0.000003	0.003802	0.996195
66	0.000008	0.005534	0.994459
66	0.000001	0.001992	0.998007
66	0.000006	0.004968	0.995026
66	0.000000	0.000504	0.999496
66	0.000021	0.022447	0.977531
67	0.999996	2e-06	0.000001
67	0.478101	0.520706	0.001193
67	0.000327	0.999346	0.000327
67	0.002460	0.99508	0.002460
67	0.010353	0.979294	0.010353
67	0.008628	0.982744	0.008628
67	0.000842	0.998316	0.000842
67	0.000889	0.998222	0.000889
67	0.010501	0.978998	0.010501
67	0.010501	0.978998	0.010501
67	0.000889	0.998222	0.000889
67	0.000003	0.003802	0.996195
67	0.000008	0.005534	0.994459
67	0.000001	0.001992	0.998007
67	0.000006	0.004968	0.995026
67	0.000000	0.000504	0.999496
67	0.000021	0.022447	0.977531
68	1.000000	0	0.000000
68	0.995423	0.004572	0.000005
68	0.999672	0.000328	0.000000
68	0.997484	0.002514	0.000002
68	0.989389	0.010582	0.000028
68	0.991161	0.00882	0.000020
68	0.999155	0.000844	0.000000
68	0.980176	0.019815	0.000009
68	0.656109	0.342052	0.001840
68	0.338486	0.657948	0.003566
68	0.019369	0.980185	0.000446
68	0.002567	0.994866	0.002567
68	0.003205	0.99359	0.003205
68	0.001076	0.997849	0.001076
68	0.002682	0.994637	0.002682
68	0.000274	0.999451	0.000274
68	0.000968	0.977028	0.022004
69	1.000000	0	0.000000
69	0.995423	0.004572	0.000005
69	0.999672	0.000328	0.000000
69	0.997484	0.002514	0.000002
69	0.989389	0.010582	0.000028
69	0.991161	0.00882	0.000020
69	0.999155	0.000844	0.000000
69	0.999090	0.00091	0.000000
69	0.989219	0.010752	0.000029
69	0.989219	0.010752	0.000029
69	0.999090	0.00091	0.000000
69	0.996195	0.003802	0.000003
69	0.994459	0.005534	0.000008
69	0.998007	0.001992	0.000001
69	0.995026	0.004968	0.000006
69	0.999496	0.000504	0.000000
69	0.652213	0.34061	0.007177
70	0.000000	0	1.000000
70	0.000005	0.004572	0.995423
70	0.000000	0.000328	0.999672
70	0.000002	0.002514	0.997484
70	0.000028	0.010582	0.989389
70	0.000020	0.00882	0.991161
70	0.000000	0.000844	0.999155
70	0.000009	0.019815	0.980176
70	0.001840	0.342052	0.656109
70	0.003566	0.657948	0.338486
70	0.000446	0.980185	0.019369
70	0.004717	0.992487	0.002796
70	0.005887	0.989065	0.005048
70	0.107997	0.891114	0.000889
70	0.596387	0.402611	0.001001
70	0.999496	0.000504	0.000000
70	0.977531	0.022447	0.000021
71	0.000000	1	0.000000
71	0.004530	0.990939	0.004530
71	0.000327	0.999346	0.000327
71	0.002460	0.99508	0.002460
71	0.010353	0.979294	0.010353
71	0.008628	0.982744	0.008628
71	0.000842	0.998316	0.000842
71	0.000889	0.998222	0.000889
71	0.010501	0.978999	0.010501
71	0.010501	0.978998	0.010501
71	0.000889	0.998222	0.000889
71	0.001523	0.995908	0.002570
71	0.002750	0.994043	0.003207
71	0.001074	0.997851	0.001074
71	0.002679	0.994643	0.002679
71	0.000274	0.999452	0.000274
71	0.021979	0.977054	0.000966
72	0.000000	1	0.000000
72	0.004530	0.99094	0.004530
72	0.088919	0.910932	0.000149
72	0.938445	0.061478	0.000076
72	0.603061	0.394844	0.002094
72	0.272793	0.723992	0.003216
72	0.000842	0.998316	0.000842
72	0.019369	0.980184	0.000446
72	0.338486	0.657948	0.003566
72	0.656109	0.342052	0.001840
72	0.980176	0.019816	0.000009
72	0.991937	0.008048	0.000015
72	0.980301	0.019602	0.000097
72	0.978413	0.02147	0.000118
72	0.986225	0.013727	0.000048
72	0.999496	0.000504	0.000000
72	0.977531	0.022447	0.000021
73	0.000000	0	0.999999
73	0.000464	0.04215	0.957387
73	0.001466	0.073644	0.924889
73	0.002542	0.095752	0.901707
73	0.003369	0.109354	0.887276
73	0.003752	0.115002	0.881246
73	0.003608	0.11292	0.883472
73	0.002968	0.103024	0.894008
73	0.001974	0.084918	0.913108
73	0.000890	0.057874	0.941236
73	0.000111	0.02081	0.979080
73	0.000414	0.041203	0.958383
73	0.004412	0.124369	0.871219
73	0.011611	0.192459	0.795930
73	0.021056	0.248206	0.730737
73	0.032002	0.293849	0.674148
73	0.043872	0.331218	0.624910
74	0.000000	1	0.000000
74	0.004530	0.99094	0.004530
74	0.000327	0.999346	0.000327
74	0.002460	0.99508	0.002460
74	0.010353	0.979294	0.010353
74	0.008628	0.982744	0.008628
74	0.000355	0.838904	0.160742
74	0.000000	0.00091	0.999090
74	0.000029	0.010752	0.989219
74	0.000029	0.010752	0.989219
74	0.000000	0.00091	0.999090
74	0.000362	0.160645	0.838993
74	0.001863	0.630347	0.367790
74	0.002059	0.995882	0.002059
74	0.005134	0.989731	0.005134
74	0.000525	0.99895	0.000525
74	0.001852	0.956022	0.042126
75	0.000000	0	1.000000
75	0.000005	0.004572	0.995423
75	0.000000	0.000328	0.999672
75	0.000002	0.002514	0.997484
75	0.000028	0.010582	0.989389
75	0.000020	0.00882	0.991161
75	0.000000	0.000844	0.999155
75	0.000009	0.019815	0.980176
75	0.001840	0.342052	0.656109
75	0.003566	0.657948	0.338486
75	0.000446	0.980185	0.019369
75	0.077757	0.917571	0.004672
75	0.316552	0.676206	0.007242
75	0.553617	0.441395	0.004987
75	0.794863	0.203716	0.001421
75	0.999496	0.000504	0.000000
75	0.977531	0.022447	0.000021
76	0.000001	2e-06	0.999996
76	0.001193	0.520706	0.478101
76	0.000327	0.999346	0.000327
76	0.060296	0.938522	0.001183
76	0.391620	0.605156	0.003225
76	0.722777	0.276008	0.001214
76	0.999155	0.000844	0.000000
76	0.999090	0.00091	0.000000
76	0.989219	0.010752	0.000029
76	0.989219	0.010752	0.000029
76	0.999090	0.00091	0.000000
76	0.874928	0.124694	0.000378
76	0.641808	0.354942	0.003251
76	0.415010	0.578936	0.006054
76	0.188890	0.805668	0.005443
76	0.000492	0.999015	0.000492
76	0.001736	0.958785	0.039479
77	1.000000	0	0.000000
77	0.995423	0.004572	0.000005
77	0.910917	0.089068	0.000015
77	0.001183	0.938522	0.060296
77	0.003225	0.605156	0.391620
77	0.001214	0.276008	0.722777
77	0.000000	0.000844	0.999155
77	0.000000	0.00091	0.999090
77	0.000029	0.010752	0.989219
77	0.000029	0.010752	0.989219
77	0.000000	0.00091	0.999090
77	0.000395	0.085399	0.914206
77	0.003396	0.325984	0.670620
77	0.006326	0.560034	0.433641
77	0.005687	0.796944	0.197369
77	0.000514	0.998971	0.000514
77	0.001814	0.956935	0.041251
78	0.000001	0.999998	0.000001
78	0.001098	0.479294	0.519608
78	0.000000	0.000328	0.999672
78	0.000002	0.002514	0.997484
78	0.000028	0.010582	0.989389
78	0.000020	0.00882	0.991161
78	0.000000	0.000844	0.999155
78	0.000000	0.00091	0.999090
78	0.000029	0.010752	0.989219
78	0.000029	0.010752	0.989219
78	0.000000	0.00091	0.999090
78	0.000557	0.234462	0.764981
78	0.001982	0.662489	0.335529
78	0.001972	0.996056	0.001972
78	0.004917	0.990165	0.004917
78	0.000503	0.998994	0.000503
78	0.001774	0.957881	0.040346
79	0.000000	0	1.000000
79	0.000005	0.004572	0.995423
79	0.000000	0.000328	0.999672
79	0.000076	0.061478	0.938445
79	0.002094	0.394844	0.603061
79	0.003216	0.723992	0.272793
79	0.000842	0.998316	0.000842
79	0.000446	0.980184	0.019369
79	0.003566	0.657948	0.338486
79	0.001840	0.342052	0.656109
79	0.000009	0.019816	0.980176
79	0.000557	0.234462	0.764981
79	0.001982	0.662489	0.335529
79	0.001972	0.996056	0.001972
79	0.004917	0.990165	0.004917
79	0.000503	0.998994	0.000503
79	0.001774	0.957881	0.040346
80	1.000000	0	0.000000
80	0.995423	0.004572	0.000005
80	0.999672	0.000328	0.000000
80	0.997484	0.002514	0.000002
80	0.989389	0.010582	0.000028
80	0.991161	0.00882	0.000020
80	0.999155	0.000844	0.000000
80	0.999090	0.00091	0.000000
80	0.989219	0.010752	0.000029
80	0.989219	0.010752	0.000029
80	0.999090	0.00091	0.000000
80	0.838993	0.160645	0.000362
80	0.367790	0.630347	0.001863
80	0.002059	0.995882	0.002059
80	0.005134	0.989731	0.005134
80	0.000525	0.99895	0.000525
80	0.042126	0.956022	0.001852
81	0.832936	0.159434	0.007629
81	0.914037	0.084032	0.001931
81	0.999672	0.000328	0.000000
81	0.997484	0.002514	0.000002
81	0.989389	0.010582	0.000028
81	0.991161	0.00882	0.000020
81	0.999155	0.000844	0.000000
81	0.980176	0.019815	0.000009
81	0.656109	0.342052	0.001840
81	0.338486	0.657948	0.003566
81	0.019369	0.980185	0.000446
81	0.028777	0.922668	0.048554
81	0.086959	0.811641	0.101400
81	0.098531	0.793691	0.107779
81	0.063878	0.868096	0.068026
81	0.002522	0.994956	0.002522
81	0.008897	0.788767	0.202335
82	0.000001	2e-06	0.999996
82	0.001193	0.520706	0.478101
82	0.000327	0.999346	0.000327
82	0.002460	0.99508	0.002460
82	0.010353	0.979294	0.010353
82	0.008628	0.982744	0.008628
82	0.160742	0.838904	0.000355
82	0.999090	0.00091	0.000000
82	0.989219	0.010752	0.000029
82	0.989219	0.010752	0.000029
82	0.999090	0.00091	0.000000
82	0.996195	0.003802	0.000003
82	0.994459	0.005534	0.000008
82	0.998007	0.001992	0.000001
82	0.995026	0.004968	0.000006
82	0.999496	0.000504	0.000000
82	0.977531	0.022447	0.000021
83	0.000000	1	0.000000
83	0.004530	0.99094	0.004530
83	0.000327	0.999346	0.000327
83	0.060296	0.938522	0.001183
83	0.391620	0.605156	0.003225
83	0.722777	0.276008	0.001214
83	0.999155	0.000844	0.000000
83	0.999090	0.00091	0.000000
83	0.989219	0.010752	0.000029
83	0.989219	0.010752	0.000029
83	0.999090	0.00091	0.000000
83	0.994436	0.005558	0.000006
83	0.993692	0.006298	0.000010
83	0.891006	0.108886	0.000108
83	0.401123	0.597388	0.001489
83	0.000503	0.998994	0.000503
83	0.001774	0.957881	0.040346
84	0.000000	1	0.000000
84	0.004530	0.99094	0.004530
84	0.000327	0.999346	0.000327
84	0.060296	0.938522	0.001183
84	0.391620	0.605156	0.003225
84	0.722777	0.276008	0.001214
84	0.999155	0.000844	0.000000
84	0.980176	0.019815	0.000009
84	0.656109	0.342052	0.001840
84	0.338486	0.657948	0.003566
84	0.019369	0.980185	0.000446
84	0.002025	0.845629	0.152346
84	0.001110	0.372416	0.626474
84	0.000001	0.001992	0.998007
84	0.000006	0.004968	0.995026
84	0.000000	0.000504	0.999496
84	0.000021	0.022447	0.977531
85	0.000000	1	0.000000
85	0.004530	0.990939	0.004530
85	0.000327	0.999346	0.000327
85	0.002460	0.99508	0.002460
85	0.010353	0.979294	0.010353
85	0.008628	0.982744	0.008628
85	0.000842	0.998316	0.000842
85	0.000889	0.998222	0.000889
85	0.010501	0.978999	0.010501
85	0.010501	0.978998	0.010501
85	0.000889	0.998222	0.000889
85	0.002796	0.992487	0.004717
85	0.005048	0.989065	0.005887
85	0.001972	0.996056	0.001972
85	0.004917	0.990165	0.004917
85	0.243225	0.756585	0.000191
85	0.977531	0.022447	0.000021
86	0.832936	0.159434	0.007629
86	0.914037	0.084032	0.001931
86	0.999672	0.000328	0.000000
86	0.997484	0.002514	0.000002
86	0.989389	0.010582	0.000028
86	0.991161	0.00882	0.000020
86	0.999155	0.000844	0.000000
86	0.999090	0.00091	0.000000
86	0.989219	0.010752	0.000029
86	0.989219	0.010752	0.000029
86	0.999090	0.00091	0.000000
86	0.996195	0.003802	0.000003
86	0.994459	0.005534	0.000008
86	0.795477	0.192836	0.011687
86	0.161704	0.48084	0.357456
86	0.000000	0.000504	0.999496
86	0.000021	0.022447	0.977531
87	1.000000	0	0.000000
87	0.995423	0.004572	0.000005
87	0.999672	0.000328	0.000000
87	0.997484	0.002514	0.000002
87	0.989389	0.010582	0.000028
87	0.991161	0.00882	0.000020
87	0.838836	0.161097	0.000068
87	0.000889	0.998222	0.000889
87	0.010501	0.978999	0.010501
87	0.010501	0.978998	0.010501
87	0.000889	0.998222	0.000889
87	0.124507	0.871059	0.004434
87	0.350495	0.642628	0.006877
87	0.575341	0.419921	0.004738
87	0.804649	0.194	0.001351
87	0.999496	0.000504	0.000000
87	0.977531	0.022447	0.000021
88	0.000000	0.999999	0.000000
88	0.004530	0.990939	0.004530
88	0.000327	0.999346	0.000327
88	0.002460	0.995079	0.002460
88	0.010353	0.979294	0.010353
88	0.008628	0.982744	0.008628
88	0.000842	0.998316	0.000842
88	0.000889	0.998223	0.000889
88	0.010501	0.978998	0.010501
88	0.010501	0.978998	0.010501
88	0.000889	0.998223	0.000889
88	0.005814	0.842523	0.151663
88	0.001835	0.372917	0.625248
88	0.000001	0.001992	0.998007
88	0.000006	0.004968	0.995026
88	0.000000	0.000504	0.999496
88	0.000021	0.022447	0.977531
89	0.999996	2e-06	0.000001
89	0.478101	0.520706	0.001193
89	0.000327	0.999346	0.000327
89	0.002460	0.99508	0.002460
89	0.010353	0.979294	0.010353
89	0.008628	0.982744	0.008628
89	0.000842	0.998316	0.000842
89	0.000889	0.998222	0.000889
89	0.010501	0.978999	0.010501
89	0.010501	0.978998	0.010501
89	0.000889	0.998222	0.000889
89	0.002796	0.992487	0.004717
89	0.005048	0.989065	0.005887
89	0.000889	0.891114	0.107997
89	0.001001	0.402611	0.596387
89	0.000000	0.000504	0.999496
89	0.000021	0.022447	0.977531
90	0.000001	0.999998	0.000001
90	0.001098	0.479294	0.519608
90	0.000000	0.000328	0.999672
90	0.000002	0.002514	0.997484
90	0.000028	0.010582	0.989389
90	0.000020	0.00882	0.991161
90	0.000000	0.000844	0.999155
90	0.000000	0.00091	0.999090
90	0.000029	0.010752	0.989219
90	0.000029	0.010752	0.989219
90	0.000000	0.00091	0.999090
90	0.000003	0.003802	0.996195
90	0.000008	0.005534	0.994459
90	0.000001	0.001992	0.998007
90	0.000006	0.004968	0.995026
90	0.000000	0.000504	0.999496
90	0.000021	0.022447	0.977531
91	0.000000	1	0.000000
91	0.004530	0.990939	0.004530
91	0.000327	0.999346	0.000327
91	0.002460	0.99508	0.002460
91	0.010353	0.979294	0.010353
91	0.008628	0.982744	0.008628
91	0.000842	0.998316	0.000842
91	0.000889	0.998222	0.000889
91	0.010501	0.978999	0.010501
91	0.010501	0.978998	0.010501
91	0.000889	0.998222	0.000889
91	0.005365	0.98927	0.005365
91	0.011210	0.97758	0.011210
91	0.011922	0.976156	0.011922
91	0.007529	0.984942	0.007529
91	0.000280	0.999441	0.000280
91	0.000987	0.976561	0.022452
92	0.000000	1	0.000000
92	0.004530	0.990939	0.004530
92	0.000327	0.999346	0.000327
92	0.002460	0.99508	0.002460
92	0.010353	0.979294	0.010353
92	0.008628	0.982744	0.008628
92	0.000842	0.998316	0.000842
92	0.000889	0.998222	0.000889
92	0.010501	0.978999	0.010501
92	0.010501	0.978998	0.010501
92	0.000889	0.998222	0.000889
92	0.124507	0.871059	0.004434
92	0.350495	0.642628	0.006877
92	0.575341	0.419921	0.004738
92	0.804649	0.194	0.001351
92	0.999496	0.000504	0.000000
92	0.977531	0.022447	0.000021
93	0.000000	1	0.000000
93	0.004530	0.99094	0.004530
93	0.000327	0.999346	0.000327
93	0.060296	0.938522	0.001183
93	0.391620	0.605156	0.003225
93	0.722777	0.276008	0.001214
93	0.999155	0.000844	0.000000
93	0.999090	0.00091	0.000000
93	0.989219	0.010752	0.000029
93	0.989219	0.010752	0.000029
93	0.999090	0.00091	0.000000
93	0.764981	0.234462	0.000557
93	0.335529	0.66249	0.001982
93	0.000889	0.891114	0.107997
93	0.001001	0.402612	0.596387
93	0.000000	0.000504	0.999496
93	0.000021	0.022447	0.977531
94	0.000000	0	1.000000
94	0.000005	0.004572	0.995423
94	0.000000	0.000328	0.999672
94	0.000002	0.002514	0.997484
94	0.000028	0.010582	0.989389
94	0.000020	0.00882	0.991161
94	0.000000	0.000844	0.999155
94	0.000000	0.00091	0.999090
94	0.000029	0.010752	0.989219
94	0.000029	0.010752	0.989219
94	0.000000	0.00091	0.999090
94	0.000003	0.003802	0.996195
94	0.000008	0.005534	0.994459
94	0.000001	0.001992	0.998007
94	0.000006	0.004968	0.995026
94	0.000000	0.000504	0.999496
94	0.000021	0.022447	0.977531
95	0.000000	0	1.000000
95	0.000005	0.004572	0.995423
95	0.000000	0.000328	0.999672
95	0.000076	0.061479	0.938445
95	0.002094	0.394844	0.603061
95	0.003216	0.723991	0.272793
95	0.000842	0.998316	0.000842
95	0.000889	0.998222	0.000889
95	0.010501	0.978999	0.010501
95	0.010501	0.978998	0.010501
95	0.000889	0.998222	0.000889
95	0.017009	0.954293	0.028698
95	0.030715	0.93347	0.035815
95	0.011998	0.976004	0.011998
95	0.029917	0.940166	0.029917
95	0.003060	0.99388	0.003060
95	0.010793	0.743745	0.245461
96	0.000000	1	0.000000
96	0.004530	0.990939	0.004530
96	0.000327	0.999346	0.000327
96	0.002460	0.99508	0.002460
96	0.010353	0.979294	0.010353
96	0.008628	0.982744	0.008628
96	0.000842	0.998316	0.000842
96	0.000889	0.998222	0.000889
96	0.010501	0.978999	0.010501
96	0.010501	0.978998	0.010501
96	0.000889	0.998222	0.000889
96	0.002796	0.992487	0.004717
96	0.005048	0.989065	0.005887
96	0.107997	0.891114	0.000889
96	0.596387	0.402611	0.001001
96	0.999496	0.000504	0.000000
96	0.977531	0.022447	0.000021
97	0.000000	1	0.000000
97	0.004530	0.990939	0.004530
97	0.000327	0.999346	0.000327
97	0.002460	0.99508	0.002460
97	0.010353	0.979294	0.010353
97	0.008628	0.982744	0.008628
97	0.000842	0.998316	0.000842
97	0.000889	0.998222	0.000889
97	0.010501	0.978999	0.010501
97	0.010501	0.978998	0.010501
97	0.000889	0.998222	0.000889
97	0.002796	0.992487	0.004717
97	0.005048	0.989065	0.005887
97	0.107997	0.891114	0.000889
97	0.596387	0.402611	0.001001
97	0.999496	0.000504	0.000000
97	0.977531	0.022447	0.000021
98	0.832936	0.159434	0.007629
98	0.914037	0.084032	0.001931
98	0.999672	0.000328	0.000000
98	0.997484	0.002514	0.000002
98	0.989389	0.010582	0.000028
98	0.991161	0.00882	0.000020
98	0.999155	0.000844	0.000000
98	0.980176	0.019815	0.000009
98	0.656109	0.342052	0.001840
98	0.338486	0.657948	0.003566
98	0.019369	0.980185	0.000446
98	0.001087	0.766057	0.232855
98	0.000862	0.337372	0.661766
98	0.000001	0.001992	0.998007
98	0.000006	0.004968	0.995026
98	0.000000	0.000504	0.999496
98	0.000021	0.022447	0.977531
99	0.000000	0	1.000000
99	0.000005	0.004572	0.995423
99	0.000000	0.000328	0.999672
99	0.000002	0.002514	0.997484
99	0.000028	0.010582	0.989389
99	0.000020	0.00882	0.991161
99	0.000000	0.000844	0.999155
99	0.000000	0.00091	0.999090
99	0.000029	0.010752	0.989219
99	0.000029	0.010752	0.989219
99	0.000000	0.00091	0.999090
99	0.000003	0.003802	0.996195
99	0.000008	0.005534	0.994459
99	0.000001	0.001992	0.998007
99	0.000006	0.004968	0.995026
99	0.000000	0.000504	0.999496
99	0.000021	0.022447	0.977531
100	0.000001	0.999998	0.000001
100	0.519608	0.479294	0.001098
100	0.999672	0.000328	0.000000
100	0.997484	0.002514	0.000002
100	0.989389	0.010582	0.000028
100	0.991161	0.00882	0.000020
100	0.999155	0.000844	0.000000
100	0.999090	0.00091	0.000000
100	0.989219	0.010752	0.000029
100	0.989219	0.010752	0.000029
100	0.999090	0.00091	0.000000
100	0.991714	0.008268	0.000017
100	0.992504	0.007482	0.000014
100	0.998007	0.001992	0.000001
100	0.995026	0.004968	0.000006
100	0.999496	0.000504	0.000000
100	0.998068	0.00193	0.000001
101	0.250000	0.5	0.250000
101	0.250000	0.5	0.250000
101	0.250000	0.5	0.250000
101	0.250000	0.5	0.250000
101	0.250000	0.5	0.250000
101	0.250000	0.5	0.250000
101	0.250000	0.5	0.250000
101	0.250000	0.5	0.250000
101	0.250000	0.5	0.250000
101	0.250000	0.5	0.250000
101	0.250000	0.5	0.250000
101	0.250000	0.5	0.250000
101	0.250000	0.5	0.250000
101	0.250000	0.5	0.250000
101	0.250000	0.5	0.250000
101	0.250000	0.5	0.250000
101	0.250000	0.5	0.250000
102	1.000000	0	0.000000
102	0.995423	0.004572	0.000005
102	0.999672	0.000328	0.000000
102	0.997484	0.002514	0.000002
102	0.989389	0.010582	0.000028
102	0.991161	0.00882	0.000020
102	0.999155	0.000844	0.000000
102	0.999090	0.00091	0.000000
102	0.989219	0.010752	0.000029
102	0.989219	0.010752	0.000029
102	0.999090	0.00091	0.000000
102	0.793686	0.204564	0.001751
102	0.583694	0.410848	0.005458
102	0.378384	0.613556	0.008060
102	0.172648	0.820822	0.006531
102	0.000503	0.998994	0.000503
102	0.001922	0.996156	0.001922
103	0.000000	1	0.000000
103	0.004530	0.99094	0.004530
103	0.000327	0.999346	0.000327
103	0.002460	0.99508	0.002460
103	0.010353	0.979294	0.010353
103	0.008628	0.982744	0.008628
103	0.000842	0.998316	0.000842
103	0.000889	0.998222	0.000889
103	0.010501	0.978998	0.010501
103	0.010501	0.978998	0.010501
103	0.000889	0.998222	0.000889
103	0.002715	0.652704	0.344581
103	0.001079	0.288898	0.710022
103	0.000108	0.108886	0.891006
103	0.001489	0.597388	0.401123
103	0.000503	0.998994	0.000503
103	0.001922	0.996156	0.001922
104	0.000000	1	0.000000
104	0.004530	0.99094	0.004530
104	0.000327	0.999346	0.000327
104	0.002460	0.99508	0.002460
104	0.010353	0.979294	0.010353
104	0.008628	0.982744	0.008628
104	0.000842	0.998316	0.000842
104	0.000889	0.998222	0.000889
104	0.010501	0.978998	0.010501
104	0.010501	0.978998	0.010501
104	0.000889	0.998222	0.000889
104	0.002715	0.652704	0.344581
104	0.001079	0.288898	0.710022
104	0.000001	0.001992	0.998007
104	0.000006	0.004968	0.995026
104	0.000000	0.000504	0.999496
104	0.000001	0.00193	0.998068
105	1.000000	0	0.000000
105	0.995423	0.004572	0.000005
105	0.999672	0.000328	0.000000
105	0.882902	0.113454	0.003645
105	0.367583	0.477406	0.155011
105	0.075080	0.397854	0.527066
105	0.000000	0.000844	0.999155
105	0.000000	0.00091	0.999090
105	0.000029	0.010752	0.989219
105	0.000029	0.010752	0.989219
105	0.000000	0.00091	0.999090
105	0.000017	0.008268	0.991714
105	0.000014	0.007482	0.992504
105	0.000001	0.001992	0.998007
105	0.000006	0.004968	0.995026
105	0.000000	0.000504	0.999496
105	0.000001	0.00193	0.998068
106	0.000000	1	0.000000
106	0.004530	0.99094	0.004530
106	0.000327	0.999346	0.000327
106	0.002460	0.99508	0.002460
106	0.010353	0.979294	0.010353
106	0.008628	0.982744	0.008628
106	0.000842	0.998316	0.000842
106	0.000889	0.998222	0.000889
106	0.010501	0.978998	0.010501
106	0.010501	0.978998	0.010501
106	0.000889	0.998222	0.000889
106	0.008120	0.98376	0.008120
106	0.007348	0.985304	0.007348
106	0.000889	0.891114	0.107997
106	0.001001	0.402612	0.596387
106	0.000000	0.000504	0.999496
106	0.000001	0.00193	0.998068
107	0.000000	1	0.000000
107	0.004530	0.99094	0.004530
107	0.000327	0.999346	0.000327
107	0.002460	0.99508	0.002460
107	0.010353	0.979294	0.010353
107	0.008628	0.982744	0.008628
107	0.000355	0.838904	0.160742
107	0.000000	0.00091	0.999090
107	0.000029	0.010752	0.989219
107	0.000029	0.010752	0.989219
107	0.000000	0.00091	0.999090
107	0.000017	0.008268	0.991714
107	0.000014	0.007482	0.992504
107	0.000001	0.001992	0.998007
107	0.000006	0.004968	0.995026
107	0.000000	0.000504	0.999496
107	0.000001	0.00193	0.998068
108	0.999999	0	0.000000
108	0.907101	0.090634	0.002264
108	0.826945	0.16484	0.008215
108	0.757612	0.225594	0.016794
108	0.697492	0.275336	0.027172
108	0.645235	0.31606	0.038705
108	0.599704	0.349402	0.050893
108	0.559942	0.376702	0.063357
108	0.525139	0.399052	0.075810
108	0.494610	0.41735	0.088040
108	0.467774	0.432332	0.099894
108	0.444136	0.444598	0.111265
108	0.423277	0.454642	0.122082
108	0.404834	0.462864	0.132302
108	0.388501	0.469594	0.141904
108	0.374012	0.475106	0.150882
108	0.361139	0.479618	0.159242
109	0.000000	0	1.000000
109	0.000005	0.004572	0.995423
109	0.000000	0.000328	0.999672
109	0.000076	0.061478	0.938445
109	0.002094	0.394844	0.603061
109	0.003216	0.723992	0.272793
109	0.000842	0.998316	0.000842
109	0.000889	0.998222	0.000889
109	0.010501	0.978998	0.010501
109	0.010501	0.978998	0.010501
109	0.000889	0.998222	0.000889
109	0.008120	0.98376	0.008120
109	0.007348	0.985304	0.007348
109	0.001972	0.996056	0.001972
109	0.004917	0.990166	0.004917
109	0.000503	0.998994	0.000503
109	0.001922	0.996156	0.001922
110	0.000000	1	0.000000
110	0.004530	0.99094	0.004530
110	0.000327	0.999346	0.000327
110	0.002460	0.99508	0.002460
110	0.010353	0.979294	0.010353
110	0.008628	0.982744	0.008628
110	0.000842	0.998316	0.000842
110	0.000889	0.998222	0.000889
110	0.010501	0.978998	0.010501
110	0.010501	0.978998	0.010501
110	0.000889	0.998222	0.000889
110	0.008120	0.98376	0.008120
110	0.007348	0.985304	0.007348
110	0.001972	0.996056	0.001972
110	0.004917	0.990166	0.004917
110	0.000503	0.998994	0.000503
110	0.001922	0.996156	0.001922
111	0.000000	1	0.000000
111	0.004530	0.99094	0.004530
111	0.000327	0.999346	0.000327
111	0.002460	0.99508	0.002460
111	0.010353	0.979294	0.010353
111	0.008628	0.982744	0.008628
111	0.000842	0.998316	0.000842
111	0.000889	0.998222	0.000889
111	0.010501	0.978998	0.010501
111	0.010501	0.978998	0.010501
111	0.000889	0.998222	0.000889
111	0.344581	0.652704	0.002715
111	0.710022	0.288898	0.001079
111	0.998007	0.001992	0.000001
111	0.995026	0.004968	0.000006
111	0.999496	0.000504	0.000000
111	0.998068	0.00193	0.000001
112	0.000000	0	1.000000
112	0.000005	0.004572	0.995423
112	0.000000	0.000328	0.999672
112	0.000002	0.002514	0.997484
112	0.000028	0.010582	0.989389
112	0.000020	0.00882	0.991161
112	0.000000	0.000844	0.999155
112	0.000000	0.00091	0.999090
112	0.000029	0.010752	0.989219
112	0.000029	0.010752	0.989219
112	0.000000	0.00091	0.999090
112	0.000017	0.008268	0.991714
112	0.000014	0.007482	0.992504
112	0.000108	0.108886	0.891006
112	0.001489	0.597388	0.401123
112	0.000503	0.998994	0.000503
112	0.333119	0.666238	0.000644
113	0.000001	0.999998	0.000001
113	0.001098	0.479294	0.519608
113	0.000000	0.000328	0.999672
113	0.000002	0.002514	0.997484
113	0.000028	0.010582	0.989389
113	0.000020	0.00882	0.991161
113	0.000000	0.000844	0.999155
113	0.000000	0.00091	0.999090
113	0.000029	0.010752	0.989219
113	0.000029	0.010752	0.989219
113	0.000000	0.00091	0.999090
113	0.001437	0.347296	0.651267
113	0.002676	0.711102	0.286223
113	0.001972	0.996056	0.001972
113	0.004917	0.990166	0.004917
113	0.000503	0.998994	0.000503
113	0.001922	0.996156	0.001922
114	0.000000	1	0.000000
114	0.004530	0.99094	0.004530
114	0.000327	0.999346	0.000327
114	0.001183	0.938522	0.060296
114	0.003225	0.605156	0.391620
114	0.001214	0.276008	0.722777
114	0.000000	0.000844	0.999155
114	0.000000	0.00091	0.999090
114	0.000029	0.010752	0.989219
114	0.000029	0.010752	0.989219
114	0.000000	0.00091	0.999090
114	0.000017	0.008268	0.991714
114	0.000014	0.007482	0.992504
114	0.000108	0.108886	0.891006
114	0.001489	0.597388	0.401123
114	0.000503	0.998994	0.000503
114	0.001922	0.996156	0.001922
115	0.000001	0.999998	0.000001
115	0.519608	0.479294	0.001098
115	0.999672	0.000328	0.000000
115	0.997484	0.002514	0.000002
115	0.989389	0.010582	0.000028
115	0.991161	0.00882	0.000020
115	0.999155	0.000844	0.000000
115	0.999090	0.00091	0.000000
115	0.989219	0.010752	0.000029
115	0.989219	0.010752	0.000029
115	0.999090	0.00091	0.000000
115	0.991714	0.008268	0.000017
115	0.992504	0.007482	0.000014
115	0.891006	0.108886	0.000108
115	0.401123	0.597388	0.001489
115	0.000503	0.998994	0.000503
115	0.001922	0.996156	0.001922
116	0.000001	0.999998	0.000001
116	0.519608	0.479294	0.001098
116	0.999672	0.000328	0.000000
116	0.997484	0.002514	0.000002
116	0.989389	0.010582	0.000028
116	0.991161	0.00882	0.000020
116	0.999155	0.000844	0.000000
116	0.999090	0.00091	0.000000
116	0.989219	0.010752	0.000029
116	0.989219	0.010752	0.000029
116	0.999090	0.00091	0.000000
116	0.991714	0.008268	0.000017
116	0.992504	0.007482	0.000014
116	0.998007	0.001992	0.000001
116	0.995026	0.004968	0.000006
116	0.756523	0.243416	0.000061
116	0.000644	0.666238	0.333119
117	0.000000	0	1.000000
117	0.000005	0.004572	0.995423
117	0.000000	0.000328	0.999672
117	0.000076	0.061478	0.938445
117	0.002094	0.394844	0.603061
117	0.003216	0.723992	0.272793
117	0.000842	0.998316	0.000842
117	0.000889	0.998222	0.000889
117	0.010501	0.978998	0.010501
117	0.010501	0.978998	0.010501
117	0.000889	0.998222	0.000889
117	0.008120	0.98376	0.008120
117	0.007348	0.985304	0.007348
117	0.001972	0.996056	0.001972
117	0.004917	0.990166	0.004917
117	0.000503	0.998994	0.000503
117	0.001922	0.996156	0.001922
118	0.000000	1	0.000000
118	0.004530	0.99094	0.004530
118	0.000327	0.999346	0.000327
118	0.002460	0.99508	0.002460
118	0.010353	0.979294	0.010353
118	0.008628	0.982744	0.008628
118	0.000842	0.998316	0.000842
118	0.000446	0.980184	0.019369
118	0.003566	0.657948	0.338486
118	0.001840	0.342052	0.656109
118	0.000009	0.019816	0.980176
118	0.000017	0.008268	0.991714
118	0.000014	0.007482	0.992504
118	0.000001	0.001992	0.998007
118	0.000006	0.004968	0.995026
118	0.000061	0.243416	0.756523
118	0.001922	0.996156	0.001922
119	0.000001	2e-06	0.999996
119	0.001193	0.520706	0.478101
119	0.000327	0.999346	0.000327
119	0.002460	0.99508	0.002460
119	0.010353	0.979294	0.010353
119	0.008628	0.982744	0.008628
119	0.000842	0.998316	0.000842
119	0.000889	0.998222	0.000889
119	0.010501	0.978998	0.010501
119	0.010501	0.978998	0.010501
119	0.000889	0.998222	0.000889
119	0.004707	0.990586	0.004707
119	0.005877	0.988246	0.005877
119	0.000889	0.891114	0.107997
119	0.001001	0.402612	0.596387
119	0.000000	0.000504	0.999496
119	0.000001	0.00193	0.998068
120	0.000000	0	1.000000
120	0.000005	0.004572	0.995423
120	0.000000	0.000328	0.999672
120	0.000002	0.002514	0.997484
120	0.000028	0.010582	0.989389
120	0.000020	0.00882	0.991161
120	0.000068	0.161096	0.838836
120	0.000889	0.998222	0.000889
120	0.010501	0.978998	0.010501
120	0.010501	0.978998	0.010501
120	0.000889	0.998222	0.000889
120	0.004707	0.990586	0.004707
120	0.005877	0.988246	0.005877
120	0.001972	0.996056	0.001972
120	0.004917	0.990166	0.004917
120	0.000503	0.998994	0.000503
120	0.001922	0.996156	0.001922
121	1.000000	0	0.000000
121	0.995423	0.004572	0.000005
121	0.999672	0.000328	0.000000
121	0.997484	0.002514	0.000002
121	0.989389	0.010582	0.000028
121	0.991161	0.00882	0.000020
121	0.999155	0.000844	0.000000
121	0.961620	0.038004	0.000376
121	0.435171	0.449008	0.115821
121	0.115821	0.449008	0.435171
121	0.000375	0.038004	0.961620
121	0.588003	0.35762	0.054376
121	0.113255	0.446558	0.440187
121	0.000001	0.001992	0.998007
121	0.000006	0.004968	0.995026
121	0.000000	0.000504	0.999496
121	0.000001	0.00193	0.998068
122	0.000000	1	0.000000
122	0.004530	0.99094	0.004530
122	0.000327	0.999346	0.000327
122	0.060296	0.938522	0.001183
122	0.391620	0.605156	0.003225
122	0.722777	0.276008	0.001214
122	0.999155	0.000844	0.000000
122	0.999090	0.00091	0.000000
122	0.989219	0.010752	0.000029
122	0.989219	0.010752	0.000029
122	0.999090	0.00091	0.000000
122	0.232629	0.765538	0.001833
122	0.661484	0.33751	0.001005
122	0.998007	0.001992	0.000001
122	0.995026	0.004968	0.000006
122	0.999496	0.000504	0.000000
122	0.998068	0.00193	0.000001
123	1.000000	0	0.000000
123	0.995423	0.004572	0.000005
123	0.999672	0.000328	0.000000
123	0.997484	0.002514	0.000002
123	0.989389	0.010582	0.000028
123	0.991161	0.00882	0.000020
123	0.999155	0.000844	0.000000
123	0.999227	0.000773	0.000000
123	0.991640	0.008345	0.000015
123	0.975431	0.024469	0.000100
123	0.055534	0.944037	0.000430
123	0.002796	0.992487	0.004717
123	0.005048	0.989065	0.005887
123	0.001972	0.996056	0.001972
123	0.004917	0.990165	0.004917
123	0.000503	0.998994	0.000503
123	0.000644	0.666237	0.333119
124	0.000000	0.999999	0.000000
124	0.004530	0.990939	0.004530
124	0.000327	0.999346	0.000327
124	0.002460	0.995079	0.002460
124	0.010353	0.979294	0.010353
124	0.008628	0.982744	0.008628
124	0.000842	0.998316	0.000842
124	0.000896	0.998521	0.000582
124	0.010618	0.984318	0.005064
124	0.010596	0.989352	0.000052
124	0.000748	0.999099	0.000153
124	0.004717	0.992487	0.002796
124	0.005887	0.989065	0.005048
124	0.000889	0.891114	0.107997
124	0.001001	0.402611	0.596387
124	0.000000	0.000504	0.999496
